           BJD  Differential_Magnitude  Differential_Magnitude_Uncertainty  Accepted 
  2454216.67018                 -0.00166                              0.00165          1  
  2454216.67069                  0.00221                              0.00166          1  
  2454216.67120                  0.00118                              0.00168          1  
  2454216.67171                  0.00006                              0.00165          1  
  2454216.67222                 -0.00011                              0.00166          1  
  2454216.67272                  0.00382                              0.00165          1  
  2454216.67325                  0.00106                              0.00166          1  
  2454216.67375                 -0.00027                              0.00163          1  
  2454216.67424                  0.00204                              0.00164          1  
  2454216.67474                 -0.00270                              0.00166          1  
  2454216.67527                 -0.00151                              0.00166          1  
  2454216.67579                 -0.00127                              0.00163          1  
  2454216.67631                  0.00233                              0.00165          1  
  2454216.67682                  0.00019                              0.00163          1  
  2454216.67731                  0.00117                              0.00164          1  
  2454216.67780                 -0.00217                              0.00165          1  
  2454216.67832                 -0.00382                              0.00163          1  
  2454216.67883                  0.00004                              0.00165          1  
  2454216.67933                 -0.00230                              0.00165          1  
  2454216.67983                  0.00269                              0.00164          1  
  2454216.68032                 -0.00154                              0.00167          1  
  2454216.68082                 -0.00151                              0.00165          1  
  2454216.68133                 -0.00253                              0.00166          1  
  2454216.68183                  0.00859                              0.00170          1  
  2454216.68233                  0.00555                              0.00171          1  
  2454216.68369                 -0.00207                              0.00166          1  
  2454216.68420                  0.00190                              0.00164          1  
  2454216.68470                 -0.00134                              0.00168          1  
  2454216.68520                 -0.00119                              0.00164          1  
  2454216.68568                  0.00520                              0.00162          1  
  2454216.68619                 -0.00018                              0.00161          1  
  2454216.68670                 -0.00389                              0.00162          1  
  2454216.68720                 -0.00207                              0.00163          1  
  2454216.68771                  0.00040                              0.00161          1  
  2454216.68819                  0.00010                              0.00161          1  
  2454216.68870                  0.00238                              0.00163          1  
  2454216.68921                  0.00131                              0.00162          1  
  2454216.68972                 -0.00115                              0.00160          1  
  2454216.69021                 -0.00064                              0.00161          1  
  2454216.69069                 -0.00134                              0.00163          1  
  2454216.69123                  0.00487                              0.00162          1  
  2454216.69171                  0.00208                              0.00163          1  
  2454216.69223                 -0.00518                              0.00161          1  
  2454216.69274                 -0.00312                              0.00163          1  
  2454216.69324                  0.00228                              0.00163          1  
  2454216.69376                  0.00144                              0.00161          1  
  2454216.69427                 -0.00259                              0.00163          1  
  2454216.69478                 -0.00165                              0.00163          1  
  2454216.69528                 -0.00013                              0.00161          1  
  2454216.69579                 -0.00409                              0.00162          1  
  2454216.69632                 -0.00516                              0.00162          1  
  2454216.69682                 -0.00345                              0.00161          1  
  2454216.69732                  0.00180                              0.00161          1  
  2454216.69785                 -0.00131                              0.00163          1  
  2454216.69834                 -0.00511                              0.00163          1  
  2454216.69884                  0.00221                              0.00164          1  
  2454216.69935                  0.00355                              0.00161          1  
  2454216.69987                  0.00228                              0.00162          1  
  2454216.70038                 -0.00298                              0.00161          1  
  2454216.70087                 -0.00279                              0.00161          1  
  2454216.70133                  0.00490                              0.00163          1  
  2454216.70184                  0.00444                              0.00162          1  
  2454216.70235                 -0.00334                              0.00162          1  
  2454216.70286                 -0.00243                              0.00161          1  
  2454216.70338                 -0.00205                              0.00160          1  
  2454216.70389                  0.00375                              0.00160          1  
  2454216.70438                 -0.00087                              0.00162          1  
  2454216.70488                 -0.00447                              0.00161          1  
  2454216.70538                 -0.00281                              0.00164          1  
  2454216.70588                 -0.00289                              0.00164          1  
  2454216.70636                  0.00100                              0.00164          1  
  2454216.70691                 -0.00067                              0.00171          1  
  2454216.70741                  0.00141                              0.00171          1  
  2454216.70791                  0.00675                              0.00164          1  
  2454216.70840                  0.00034                              0.00162          1  
  2454216.70892                 -0.00149                              0.00164          1  
  2454216.70942                 -0.00204                              0.00163          1  
  2454216.70994                 -0.00510                              0.00164          1  
  2454216.71041                  0.00493                              0.00165          1  
  2454216.71096                  0.00081                              0.00163          1  
  2454216.71146                  0.00274                              0.00164          1  
  2454216.71197                  0.00249                              0.00164          1  
  2454216.71249                  0.00193                              0.00164          1  
  2454216.71300                  0.00116                              0.00164          1  
  2454216.71349                  0.00173                              0.00165          1  
  2454216.71401                 -0.00132                              0.00163          1  
  2454216.71452                  0.00168                              0.00160          1  
  2454216.71501                 -0.00368                              0.00162          1  
  2454216.71552                  0.00211                              0.00163          1  
  2454216.71602                 -0.00024                              0.00162          1  
  2454216.71653                 -0.00378                              0.00162          1  
  2454216.71702                 -0.00152                              0.00162          1  
  2454216.71756                 -0.00150                              0.00162          1  
  2454216.71808                  0.00080                              0.00160          1  
  2454216.71857                  0.00708                              0.00162          1  
  2454216.71908                  0.00540                              0.00165          1  
  2454216.71957                 -0.00055                              0.00162          1  
  2454216.72008                 -0.00057                              0.00163          1  
  2454216.72059                  0.00618                              0.00163          1  
  2454216.72110                 -0.00177                              0.00163          1  
  2454216.72163                 -0.00210                              0.00161          1  
  2454216.72213                 -0.00184                              0.00159          1  
  2454216.72264                 -0.00168                              0.00162          1  
  2454216.72315                 -0.00367                              0.00161          1  
  2454216.72365                 -0.00137                              0.00160          1  
  2454216.72416                 -0.00572                              0.00161          1  
  2454216.72468                  0.00019                              0.00162          1  
  2454216.72521                 -0.00084                              0.00161          1  
  2454216.72573                  0.00306                              0.00160          1  
  2454216.72624                  0.00213                              0.00163          1  
  2454216.72673                  0.00369                              0.00162          1  
  2454216.72723                  0.00039                              0.00161          1  
  2454216.72774                  0.00233                              0.00161          1  
  2454216.72825                  0.00728                              0.00163          1  
  2454216.72876                  0.00358                              0.00161          1  
  2454216.72926                  0.00703                              0.00161          1  
  2454216.72977                  0.00972                              0.00162          1  
  2454216.73026                  0.00805                              0.00162          1  
  2454216.73078                  0.00753                              0.00161          1  
  2454216.73129                  0.01513                              0.00161          1  
  2454216.73183                  0.01332                              0.00159          1  
  2454216.73232                  0.00968                              0.00160          1  
  2454216.73284                  0.01428                              0.00161          1  
  2454216.73333                  0.01395                              0.00159          1  
  2454216.73384                  0.01684                              0.00160          1  
  2454216.73435                  0.01687                              0.00160          1  
  2454216.73485                  0.01663                              0.00160          1  
  2454216.73534                  0.01517                              0.00160          1  
  2454216.73584                  0.01818                              0.00162          1  
  2454216.73635                  0.01561                              0.00159          1  
  2454216.73688                  0.01759                              0.00160          1  
  2454216.73742                  0.02016                              0.00161          1  
  2454216.73793                  0.02439                              0.00161          1  
  2454216.73843                  0.01891                              0.00159          1  
  2454216.73894                  0.02369                              0.00158          1  
  2454216.73945                  0.02312                              0.00160          1  
  2454216.73997                  0.01967                              0.00160          1  
  2454216.74047                  0.02341                              0.00159          1  
  2454216.74096                  0.02052                              0.00159          1  
  2454216.74147                  0.02559                              0.00159          1  
  2454216.74196                  0.01908                              0.00160          1  
  2454216.74246                  0.02250                              0.00159          1  
  2454216.74297                  0.01658                              0.00160          1  
  2454216.74348                  0.02196                              0.00159          1  
  2454216.74398                  0.02161                              0.00160          1  
  2454216.74450                  0.02720                              0.00163          1  
  2454216.74500                  0.02135                              0.00163          1  
  2454216.74548                  0.02506                              0.00164          1  
  2454216.74598                  0.02676                              0.00162          1  
  2454216.74648                  0.02149                              0.00162          1  
  2454216.74700                  0.02149                              0.00163          1  
  2454216.74751                  0.02337                              0.00163          1  
  2454216.74803                  0.02201                              0.00162          1  
  2454216.74854                  0.02534                              0.00162          1  
  2454216.74908                  0.02700                              0.00163          1  
  2454216.74958                  0.02581                              0.00163          1  
  2454216.75010                  0.02258                              0.00161          1  
  2454216.75060                  0.02548                              0.00161          1  
  2454216.75112                  0.02186                              0.00163          1  
  2454216.75162                  0.02423                              0.00163          1  
  2454216.75210                  0.02758                              0.00165          1  
  2454216.75264                  0.02556                              0.00161          1  
  2454216.75313                  0.02816                              0.00161          1  
  2454216.75363                  0.02948                              0.00162          1  
  2454216.75413                  0.02260                              0.00160          1  
  2454216.75460                  0.02599                              0.00162          1  
  2454216.75510                  0.02379                              0.00162          1  
  2454216.75561                  0.02419                              0.00161          1  
  2454216.75613                  0.02383                              0.00160          1  
  2454216.75664                  0.02319                              0.00161          1  
  2454216.75711                  0.02130                              0.00160          1  
  2454216.75762                  0.02696                              0.00158          1  
  2454216.75812                  0.02542                              0.00162          1  
  2454216.75864                  0.02769                              0.00161          1  
  2454216.75914                  0.02593                              0.00159          1  
  2454216.75964                  0.02539                              0.00161          1  
  2454216.76015                  0.02490                              0.00161          1  
  2454216.76068                  0.02292                              0.00160          1  
  2454216.76120                  0.02385                              0.00159          1  
  2454216.76169                  0.02327                              0.00160          1  
  2454216.76221                  0.02697                              0.00160          1  
  2454216.76273                  0.02779                              0.00162          1  
  2454216.76321                  0.02166                              0.00161          1  
  2454216.76373                  0.02371                              0.00160          1  
  2454216.76423                  0.02813                              0.00161          1  
  2454216.76476                  0.02237                              0.00160          1  
  2454216.76524                  0.02947                              0.00160          1  
  2454216.76574                  0.02522                              0.00161          1  
  2454216.76625                  0.02529                              0.00161          1  
  2454216.76676                  0.02500                              0.00160          1  
  2454216.76724                  0.02243                              0.00161          1  
  2454216.76777                  0.02583                              0.00160          1  
  2454216.76828                  0.02106                              0.00161          1  
  2454216.76880                  0.02447                              0.00159          1  
  2454216.76934                  0.02759                              0.00161          1  
  2454216.76983                  0.02886                              0.00159          1  
  2454216.77034                  0.02671                              0.00159          1  
  2454216.77084                  0.02517                              0.00160          1  
  2454216.77136                  0.02333                              0.00158          1  
  2454216.77185                  0.02253                              0.00161          1  
  2454216.77237                  0.02209                              0.00161          1  
  2454216.77287                  0.02513                              0.00159          1  
  2454216.77338                  0.02282                              0.00160          1  
  2454216.77387                  0.02744                              0.00160          1  
  2454216.77439                  0.01975                              0.00160          1  
  2454216.77489                  0.02717                              0.00160          1  
  2454216.77538                  0.02233                              0.00159          1  
  2454216.77590                  0.02150                              0.00162          1  
  2454216.77642                  0.02580                              0.00161          1  
  2454216.77692                  0.02154                              0.00159          1  
  2454216.77745                  0.02819                              0.00162          1  
  2454216.77796                  0.02650                              0.00160          1  
  2454216.77846                  0.02372                              0.00160          1  
  2454216.77895                  0.02740                              0.00159          1  
  2454216.77946                  0.02913                              0.00162          1  
  2454216.77996                  0.02833                              0.00160          1  
  2454216.78048                  0.02431                              0.00160          1  
  2454216.78099                  0.02406                              0.00160          1  
  2454216.78149                  0.02246                              0.00160          1  
  2454216.78199                  0.02288                              0.00159          1  
  2454216.78251                  0.02771                              0.00159          1  
  2454216.78299                  0.02490                              0.00158          1  
  2454216.78349                  0.02428                              0.00160          1  
  2454216.78401                  0.02212                              0.00158          1  
  2454216.78451                  0.02494                              0.00159          1  
  2454216.78504                  0.02472                              0.00160          1  
  2454216.78555                  0.02427                              0.00159          1  
  2454216.78605                  0.02067                              0.00160          1  
  2454216.78657                  0.02484                              0.00159          1  
  2454216.78708                  0.02333                              0.00158          1  
  2454216.78759                  0.02174                              0.00158          1  
  2454216.78809                  0.02390                              0.00159          1  
  2454216.78861                  0.02327                              0.00159          1  
  2454216.78912                  0.02464                              0.00159          1  
  2454216.78959                  0.02776                              0.00158          1  
  2454216.79010                  0.02399                              0.00161          1  
  2454216.79062                  0.02433                              0.00159          1  
  2454216.79113                  0.02817                              0.00159          1  
  2454216.79163                  0.02203                              0.00158          1  
  2454216.79212                  0.02450                              0.00159          1  
  2454216.79263                  0.02039                              0.00156          1  
  2454216.79313                  0.02083                              0.00158          1  
  2454216.79364                  0.01711                              0.00158          1  
  2454216.79414                  0.02199                              0.00159          1  
  2454216.79465                  0.02972                              0.00161          1  
  2454216.79513                  0.02554                              0.00158          1  
  2454216.79564                  0.02117                              0.00159          1  
  2454216.79616                  0.02490                              0.00159          1  
  2454216.79667                  0.02799                              0.00159          1  
  2454216.79719                  0.02600                              0.00158          1  
  2454216.79773                  0.02305                              0.00159          1  
  2454216.79825                  0.02375                              0.00160          1  
  2454216.79875                  0.02491                              0.00159          1  
  2454216.79927                  0.02234                              0.00159          1  
  2454216.79978                  0.02470                              0.00158          1  
  2454216.80027                  0.02417                              0.00158          1  
  2454216.80077                  0.02526                              0.00159          1  
  2454216.80128                  0.02080                              0.00158          1  
  2454216.80178                  0.01853                              0.00159          1  
  2454216.80231                  0.02254                              0.00158          1  
  2454216.80284                  0.01907                              0.00158          1  
  2454216.80336                  0.02478                              0.00158          1  
  2454216.80388                  0.02606                              0.00158          1  
  2454216.80440                  0.02265                              0.00158          1  
  2454216.80493                  0.02438                              0.00158          1  
  2454216.80542                  0.02501                              0.00158          1  
  2454216.80593                  0.01940                              0.00157          1  
  2454216.80643                  0.02402                              0.00158          1  
  2454216.80694                  0.01983                              0.00158          1  
  2454216.80745                  0.02479                              0.00158          1  
  2454216.80796                  0.01779                              0.00158          1  
  2454216.80846                  0.01591                              0.00158          1  
  2454216.80895                  0.01830                              0.00159          1  
  2454216.80945                  0.01758                              0.00158          1  
  2454216.80997                  0.02024                              0.00159          1  
  2454216.81049                  0.01960                              0.00158          1  
  2454216.81100                  0.01432                              0.00158          1  
  2454216.81152                  0.01585                              0.00158          1  
  2454216.81203                  0.01823                              0.00159          1  
  2454216.81254                  0.01111                              0.00157          1  
  2454216.81305                  0.01448                              0.00158          1  
  2454216.81356                  0.00870                              0.00158          1  
  2454216.81407                  0.01505                              0.00159          1  
  2454216.81458                  0.00812                              0.00159          1  
  2454216.81508                  0.00466                              0.00158          1  
  2454216.81561                  0.00607                              0.00156          1  
  2454216.81612                  0.00313                              0.00157          1  
  2454216.81663                  0.00184                              0.00158          1  
  2454216.81715                  0.00731                              0.00157          1  
  2454216.81765                  0.00845                              0.00157          1  
  2454216.81813                  0.00348                              0.00157          1  
  2454216.81864                  0.00169                              0.00157          1  
  2454216.81913                  0.00206                              0.00157          1  
  2454216.81962                 -0.00086                              0.00158          1  
  2454216.82012                  0.00258                              0.00156          1  
  2454216.82062                 -0.00119                              0.00158          1  
  2454216.82115                  0.00093                              0.00156          1  
  2454216.82167                 -0.00027                              0.00155          1  
  2454216.82217                  0.00005                              0.00156          1  
  2454216.82267                 -0.00122                              0.00155          1  
  2454216.82320                 -0.00463                              0.00156          1  
  2454216.82370                 -0.00041                              0.00157          1  
  2454216.82418                  0.00584                              0.00158          1  
  2454216.82468                  0.00189                              0.00156          1  
  2454216.82518                 -0.00587                              0.00155          1  
  2454216.82569                  0.00177                              0.00155          1  
  2454216.82617                  0.00149                              0.00155          1  
  2454216.82668                 -0.00076                              0.00155          1  
  2454216.82717                 -0.00242                              0.00156          1  
  2454216.82769                 -0.00073                              0.00155          1  
  2454216.82820                  0.00081                              0.00155          1  
  2454216.82870                  0.00243                              0.00156          1  
  2454216.82922                  0.00057                              0.00156          1  
  2454216.82972                 -0.00017                              0.00156          1  
  2454216.83023                 -0.00021                              0.00156          1  
  2454216.83073                  0.00648                              0.00156          1  
  2454216.83124                 -0.00148                              0.00156          1  
  2454216.83175                  0.00082                              0.00155          1  
  2454216.83227                 -0.00101                              0.00156          1  
  2454216.83281                 -0.00037                              0.00157          1  
  2454216.83333                 -0.00164                              0.00157          1  
  2454216.83385                 -0.00243                              0.00156          1  
  2454216.83435                  0.00116                              0.00157          1  
  2454216.83484                  0.00034                              0.00157          1  
  2454216.83533                  0.00168                              0.00156          1  
  2454216.83584                  0.00045                              0.00157          1  
  2454216.83634                  0.00519                              0.00156          1  
  2454216.83683                 -0.00180                              0.00156          1  
  2454216.83731                 -0.00242                              0.00156          1  
  2454216.83783                  0.00000                              0.00157          1  
  2454216.83833                  0.00500                              0.00157          1  
  2454216.83883                  0.00178                              0.00157          1  
  2454216.83933                  0.00466                              0.00156          1  
  2454216.83984                 -0.00010                              0.00158          1  
  2454216.84034                  0.00071                              0.00156          1  
  2454216.84085                 -0.00013                              0.00156          1  
  2454216.84134                  0.00461                              0.00158          1  
  2454216.84182                  0.00433                              0.00156          1  
  2454216.84234                 -0.00237                              0.00156          1  
  2454216.84285                 -0.00082                              0.00156          1  
  2454216.84336                  0.00084                              0.00156          1  
  2454216.84388                 -0.00062                              0.00156          1  
  2454216.84438                 -0.00041                              0.00157          1  
  2454216.84490                 -0.00118                              0.00156          1  
  2454216.84541                  0.00370                              0.00158          1  
  2454216.84592                  0.00083                              0.00155          1  
  2454216.84642                 -0.00256                              0.00155          1  
  2454216.84695                 -0.00277                              0.00155          1  
  2454216.84747                  0.00473                              0.00157          1  
  2454216.84798                  0.00238                              0.00156          1  
  2454216.84850                 -0.00171                              0.00156          1  
  2454216.84902                 -0.00081                              0.00156          1  
  2454216.84953                 -0.00275                              0.00157          1  
  2454216.85003                  0.00452                              0.00157          1  
  2454216.85055                 -0.00288                              0.00157          1  
  2454216.85106                 -0.00243                              0.00157          1  
  2454216.85156                  0.00057                              0.00158          1  
  2454216.85209                 -0.00310                              0.00156          1  
  2454216.85260                 -0.00016                              0.00157          1  
  2454216.85311                 -0.00104                              0.00156          1  
  2454216.85360                 -0.00143                              0.00155          1  
  2454216.85410                  0.00279                              0.00155          1  
  2454216.85461                 -0.00060                              0.00157          1  
  2454216.85511                 -0.00158                              0.00156          1  
  2454216.85562                 -0.00269                              0.00156          1  
  2454216.85612                 -0.00019                              0.00157          1  
  2454216.85664                 -0.00049                              0.00156          1  
  2454216.85716                 -0.00122                              0.00157          1  
  2454216.85764                 -0.00003                              0.00158          1  
  2454216.85814                 -0.00351                              0.00157          1  
  2454216.85866                  0.00091                              0.00158          1  
  2454216.85917                 -0.00096                              0.00157          1  
  2454216.85968                 -0.00108                              0.00157          1  
  2454216.86019                 -0.00090                              0.00157          1  
  2454216.86069                  0.00131                              0.00156          1  
  2454868.87938                  0.00699                              0.00137          1  
  2454868.88023                 -0.00181                              0.00130          1  
  2454868.88108                  0.00153                              0.00137          1  
  2454868.88277                 -0.00277                              0.00139          1  
  2454868.88361                 -0.00539                              0.00134          1  
  2454868.88447                 -0.00074                              0.00139          1  
  2454868.88615                  0.00350                              0.00136          1  
  2454868.88700                 -0.00489                              0.00132          1  
  2454868.88872                 -0.00141                              0.00136          1  
  2454868.88957                 -0.00096                              0.00139          1  
  2454868.89042                  0.00124                              0.00135          1  
  2454868.89128                 -0.00188                              0.00134          1  
  2454868.89213                  0.00434                              0.00131          1  
  2454868.89299                  0.00277                              0.00134          1  
  2454868.89383                 -0.00062                              0.00140          1  
  2454868.89466                 -0.00513                              0.00138          1  
  2454868.89637                 -0.00574                              0.00127          1  
  2454868.89723                 -0.00094                              0.00132          1  
  2454868.89808                  0.00043                              0.00140          1  
  2454868.89895                  0.00276                              0.00131          1  
  2454868.89992                 -0.00014                              0.00131          1  
  2454868.90077                 -0.00249                              0.00131          1  
  2454868.90162                  0.00101                              0.00139          1  
  2454868.90248                  0.00123                              0.00134          1  
  2454868.90332                 -0.00066                              0.00131          1  
  2454868.90419                  0.00121                              0.00131          1  
  2454868.90504                  0.00052                              0.00137          1  
  2454868.90589                 -0.00169                              0.00130          1  
  2454868.90673                  0.00318                              0.00136          1  
  2454868.90761                  0.00189                              0.00130          1  
  2454868.90844                  0.00206                              0.00131          1  
  2454868.90929                 -0.00043                              0.00128          1  
  2454868.91015                 -0.00196                              0.00137          1  
  2454868.91187                 -0.00089                              0.00127          1  
  2454868.91271                  0.00050                              0.00133          1  
  2454868.91357                  0.00400                              0.00136          1  
  2454868.91441                  0.00689                              0.00132          1  
  2454868.91526                 -0.00235                              0.00134          1  
  2454868.91612                  0.00588                              0.00134          1  
  2454868.91696                 -0.00099                              0.00129          1  
  2454868.91784                  0.00670                              0.00134          1  
  2454868.91867                  0.00251                              0.00130          1  
  2454868.91954                  0.00382                              0.00125          1  
  2454868.92040                 -0.00309                              0.00130          1  
  2454868.92130                  0.00161                              0.00130          1  
  2454868.92215                 -0.00173                              0.00132          1  
  2454868.92301                 -0.00011                              0.00129          1  
  2454868.92387                 -0.00193                              0.00133          1  
  2454868.92473                  0.00432                              0.00129          1  
  2454868.92556                  0.00221                              0.00129          1  
  2454868.92643                 -0.00424                              0.00130          1  
  2454868.92728                  0.00161                              0.00130          1  
  2454868.92814                 -0.00037                              0.00130          1  
  2454868.92899                  0.00343                              0.00131          1  
  2454868.92985                 -0.00139                              0.00127          1  
  2454868.93071                  0.00066                              0.00126          1  
  2454868.93153                 -0.00226                              0.00129          1  
  2454868.93239                  0.00051                              0.00129          1  
  2454868.93326                 -0.00202                              0.00128          1  
  2454868.93409                 -0.00662                              0.00128          1  
  2454868.93495                 -0.00025                              0.00128          1  
  2454868.93579                 -0.00063                              0.00131          1  
  2454868.93664                 -0.00189                              0.00133          1  
  2454868.93748                 -0.00072                              0.00130          1  
  2454868.93833                 -0.00001                              0.00129          1  
  2454868.93919                 -0.00082                              0.00130          1  
  2454868.94002                 -0.00198                              0.00128          1  
  2454868.94087                 -0.00097                              0.00128          1  
  2454868.94174                  0.00229                              0.00128          1  
  2454868.94264                 -0.00589                              0.00129          1  
  2454868.94350                  0.00103                              0.00128          1  
  2454868.94436                 -0.00384                              0.00128          1  
  2454868.94521                  0.00046                              0.00129          1  
  2454868.94606                 -0.00219                              0.00129          1  
  2454868.94690                  0.00473                              0.00129          1  
  2454868.94778                 -0.00021                              0.00125          1  
  2454868.94863                  0.00021                              0.00132          1  
  2454868.94947                 -0.00488                              0.00127          1  
  2454868.95032                  0.00200                              0.00132          1  
  2454868.95116                 -0.00164                              0.00131          1  
  2454868.95201                  0.00112                              0.00129          1  
  2454868.95288                 -0.00064                              0.00130          1  
  2454868.95372                 -0.00506                              0.00127          1  
  2454868.95458                  0.00093                              0.00128          1  
  2454868.95543                  0.00136                              0.00129          1  
  2454868.95628                  0.00215                              0.00126          1  
  2454868.95715                 -0.00521                              0.00128          1  
  2454868.95800                 -0.00022                              0.00125          1  
  2454868.95885                  0.00041                              0.00128          1  
  2454868.95969                  0.00185                              0.00129          1  
  2454868.96056                  0.00142                              0.00128          1  
  2454868.96142                 -0.00066                              0.00127          1  
  2454868.96226                 -0.00237                              0.00127          1  
  2454868.96310                  0.00050                              0.00127          1  
  2454868.96402                 -0.00094                              0.00127          1  
  2454868.96489                 -0.00096                              0.00126          1  
  2454868.96574                 -0.00061                              0.00126          1  
  2454868.96659                 -0.00016                              0.00125          1  
  2454868.96745                 -0.00073                              0.00128          1  
  2454868.96829                 -0.00102                              0.00129          1  
  2454868.96915                  0.00116                              0.00125          1  
  2454868.96999                 -0.00226                              0.00126          1  
  2454868.97083                 -0.00260                              0.00128          1  
  2454868.97171                  0.00019                              0.00125          1  
  2454868.97256                  0.00058                              0.00126          1  
  2454868.97341                 -0.00053                              0.00128          1  
  2454868.97427                  0.00243                              0.00126          1  
  2454868.97512                  0.00286                              0.00129          1  
  2454868.97599                 -0.00047                              0.00127          1  
  2454868.97682                  0.00001                              0.00128          1  
  2454868.97769                  0.00296                              0.00125          1  
  2454868.97855                  0.00366                              0.00129          1  
  2454868.97936                  0.00910                              0.00124          1  
  2454868.98023                  0.00679                              0.00132          1  
  2454868.98109                  0.01024                              0.00126          1  
  2454868.98193                  0.00803                              0.00128          1  
  2454868.98278                  0.00812                              0.00128          1  
  2454868.98363                  0.01475                              0.00127          1  
  2454868.98450                  0.01203                              0.00129          1  
  2454868.98541                  0.01663                              0.00127          1  
  2454868.98626                  0.02172                              0.00127          1  
  2454868.98713                  0.01773                              0.00126          1  
  2454868.98797                  0.01962                              0.00125          1  
  2454868.98883                  0.01782                              0.00126          1  
  2454868.98969                  0.01707                              0.00126          1  
  2454868.99055                  0.02255                              0.00127          1  
  2454868.99141                  0.02182                              0.00126          1  
  2454868.99228                  0.02240                              0.00129          1  
  2454868.99312                  0.02392                              0.00124          1  
  2454868.99399                  0.02548                              0.00125          1  
  2454868.99483                  0.02290                              0.00127          1  
  2454868.99573                  0.02464                              0.00127          1  
  2454868.99657                  0.02092                              0.00126          1  
  2454868.99743                  0.02026                              0.00125          1  
  2454868.99828                  0.02241                              0.00124          1  
  2454868.99914                  0.02207                              0.00128          1  
  2454869.00000                  0.02333                              0.00125          1  
  2454869.00085                  0.02432                              0.00125          1  
  2454869.00171                  0.02316                              0.00126          1  
  2454869.00257                  0.02892                              0.00126          1  
  2454869.00343                  0.02030                              0.00124          1  
  2454869.00428                  0.02758                              0.00126          1  
  2454869.00515                  0.02360                              0.00128          1  
  2454869.00600                  0.01699                              0.00125          1  
  2454869.00691                  0.02608                              0.00127          1  
  2454869.00776                  0.02985                              0.00125          1  
  2454869.00864                  0.02406                              0.00127          1  
  2454869.00948                  0.02670                              0.00125          1  
  2454869.01033                  0.02379                              0.00127          1  
  2454869.01118                  0.02750                              0.00127          1  
  2454869.01203                  0.02790                              0.00127          1  
  2454869.01290                  0.02406                              0.00127          1  
  2454869.01376                  0.02232                              0.00127          1  
  2454869.01460                  0.02545                              0.00125          1  
  2454869.01545                  0.02344                              0.00127          1  
  2454869.01631                  0.02775                              0.00126          1  
  2454869.01714                  0.02396                              0.00125          1  
  2454869.01801                  0.02369                              0.00125          1  
  2454869.01886                  0.02391                              0.00126          1  
  2454869.01972                  0.02912                              0.00125          1  
  2454869.02056                  0.02562                              0.00127          1  
  2454869.02141                  0.02588                              0.00125          1  
  2454869.02229                  0.02231                              0.00125          1  
  2454869.02313                  0.02406                              0.00124          1  
  2454869.02399                  0.02584                              0.00125          1  
  2454869.02486                  0.02632                              0.00125          1  
  2454869.02572                  0.02695                              0.00125          1  
  2454869.02657                  0.02386                              0.00124          1  
  2454869.02742                  0.02560                              0.00126          1  
  2454869.02841                  0.02335                              0.00122          1  
  2454869.02928                  0.02502                              0.00125          1  
  2454869.03011                  0.03025                              0.00126          1  
  2454869.03098                  0.02809                              0.00125          1  
  2454869.03183                  0.02695                              0.00123          1  
  2454869.03268                  0.02775                              0.00124          1  
  2454869.03355                  0.02309                              0.00123          1  
  2454869.03440                  0.02296                              0.00126          1  
  2454869.03526                  0.02584                              0.00126          1  
  2454869.03611                  0.02381                              0.00125          1  
  2454869.03697                  0.02579                              0.00129          1  
  2454869.03781                  0.02592                              0.00123          1  
  2454869.03867                  0.02289                              0.00126          1  
  2454869.03952                  0.02837                              0.00125          1  
  2454869.04038                  0.02828                              0.00126          1  
  2454869.04124                  0.02363                              0.00125          1  
  2454869.04208                  0.02711                              0.00127          1  
  2454869.04295                  0.02457                              0.00125          1  
  2454869.04379                  0.02549                              0.00124          1  
  2454869.04464                  0.02039                              0.00125          1  
  2454869.04551                  0.02264                              0.00126          1  
  2454869.04634                  0.02580                              0.00125          1  
  2454869.04721                  0.02212                              0.00123          1  
  2454869.04807                  0.01956                              0.00124          1  
  2454869.04892                  0.01861                              0.00122          1  
  2454869.04986                  0.02364                              0.00123          1  
  2454869.05072                  0.02038                              0.00124          1  
  2454869.05156                  0.02677                              0.00125          1  
  2454869.05239                  0.01991                              0.00123          1  
  2454869.05327                  0.02125                              0.00125          1  
  2454869.05412                  0.02091                              0.00127          1  
  2454869.05498                  0.02011                              0.00129          1  
  2454869.05582                  0.01992                              0.00129          1  
  2454869.05669                  0.01909                              0.00130          1  
  2454869.05752                  0.02240                              0.00131          1  
  2454869.05838                  0.02204                              0.00128          1  
  2454869.05925                  0.02000                              0.00131          1  
  2454869.06010                  0.01972                              0.00132          1  
  2454869.06095                  0.01960                              0.00135          1  
  2454869.06179                  0.01377                              0.00136          1  
  2454869.06262                  0.01788                              0.00149          1  
  2454869.06349                  0.01250                              0.00152          1  
  2454869.06434                  0.01009                              0.00158          1  
  2454869.06518                  0.01757                              0.00177          1  
  2454869.06602                  0.01049                              0.00180          1  
  2454869.06687                  0.00910                              0.00190          1  
  2454869.06773                  0.01103                              0.00212          1  
  2454869.06856                 -0.00436                              0.00231          1  
  2454869.06941                  0.00588                              0.00250          1  
  2454869.07027                  0.00046                              0.00279          1  