          BJD  Differential_Magnitude  Differential_Magnitude_Uncertainty  Accepted 
  2454897.84563                  0.00425                              0.00241          1  
  2454897.84649                 -0.00793                              0.00237          1  
  2454897.84736                  0.00242                              0.00237          1  
  2454897.84821                  0.00370                              0.00262          1  
  2454897.84907                  0.00422                              0.00288          1  
  2454897.84993                 -0.00891                              0.00352          1  
  2454897.85164                 -0.00134                              0.00344          1  
  2454897.85247                  0.01037                              0.00300          1  
  2454897.85332                 -0.00007                              0.00271          1  
  2454897.85417                 -0.00956                              0.00229          1  
  2454897.85504                  0.00008                              0.00221          1  
  2454897.85590                  0.00140                              0.00227          1  
  2454897.85674                 -0.00637                              0.00226          1  
  2454897.85761                  0.00382                              0.00222          1  
  2454897.85847                 -0.00390                              0.00252          1  
  2454897.85929                  0.00417                              0.00236          1  
  2454897.86017                  0.00663                              0.00223          1  
  2454897.86101                 -0.01024                              0.00223          1  
  2454897.86188                  0.00732                              0.00245          1  
  2454897.86274                 -0.00771                              0.00228          1  
  2454897.86358                  0.00906                              0.00285          1  
  2454897.86445                 -0.00690                              0.00323          1  
  2454897.86530                 -0.00136                              0.00285          1  
  2454897.86616                  0.00860                              0.00292          1  
  2454897.86888                  0.02959                              0.00559          1  
  2454897.86974                  0.00869                              0.00386          1  
  2454897.87061                 -0.00099                              0.00417          1  
  2454897.87230                  0.00795                              0.00443          1  
  2454897.87315                 -0.00736                              0.00393          1  
  2454897.87400                 -0.00205                              0.00333          1  
  2454897.87486                  0.01934                              0.00319          1  
  2454897.87570                  0.00385                              0.00287          1  
  2454897.87655                 -0.00067                              0.00337          1  
  2454897.87740                 -0.01201                              0.00321          1  
  2454897.87826                 -0.01550                              0.00325          1  
  2454897.87913                 -0.00323                              0.00326          1  
  2454897.87997                  0.00543                              0.00281          1  
  2454897.88082                  0.01049                              0.00338          1  
  2454897.88166                  0.00749                              0.00469          1  
  2454897.88251                  0.00248                              0.00520          1  
  2454897.88335                  0.01147                              0.00362          1  
  2454897.88422                  0.00115                              0.00392          1  
  2454897.88507                  0.00260                              0.00329          1  
  2454897.88591                  0.00671                              0.00238          1  
  2454897.88677                 -0.00355                              0.00230          1  
  2454897.88763                  0.00659                              0.00224          1  
  2454897.88857                  0.00043                              0.00215          1  
  2454897.88943                  0.00109                              0.00221          1  
  2454897.89029                  0.00182                              0.00223          1  
  2454897.89113                 -0.00159                              0.00217          1  
  2454897.89199                  0.00439                              0.00218          1  
  2454897.89284                 -0.00476                              0.00215          1  
  2454897.89369                 -0.00247                              0.00212          1  
  2454897.89454                 -0.00818                              0.00211          1  
  2454897.89540                 -0.00034                              0.00215          1  
  2454897.89627                 -0.00208                              0.00216          1  
  2454897.89711                 -0.00197                              0.00210          1  
  2454897.89797                  0.00037                              0.00213          1  
  2454897.89883                  0.00502                              0.00219          1  
  2454897.89968                  0.00087                              0.00215          1  
  2454897.90053                  0.00885                              0.00220          1  
  2454897.90140                  0.00330                              0.00214          1  
  2454897.90225                  0.00979                              0.00229          1  
  2454897.90310                  0.01083                              0.00218          1  
  2454897.90394                  0.01867                              0.00222          1  
  2454897.90476                  0.01487                              0.00213          1  
  2454897.90562                  0.02251                              0.00214          1  
  2454897.90650                  0.00974                              0.00214          1  
  2454897.90735                  0.02183                              0.00216          1  
  2454897.90820                  0.01591                              0.00215          1  
  2454897.90906                  0.02075                              0.00215          1  
  2454897.90996                  0.02099                              0.00211          1  
  2454897.91081                  0.02198                              0.00213          1  
  2454897.91167                  0.01544                              0.00210          1  
  2454897.91252                  0.01665                              0.00216          1  
  2454897.91338                  0.02307                              0.00214          1  
  2454897.91422                  0.02610                              0.00215          1  
  2454897.91508                  0.02631                              0.00216          1  
  2454897.91593                  0.01516                              0.00214          1  
  2454897.91679                  0.01817                              0.00217          1  
  2454897.91766                  0.02510                              0.00214          1  
  2454897.91850                  0.02134                              0.00216          1  
  2454897.91936                  0.02496                              0.00209          1  
  2454897.92019                  0.02274                              0.00213          1  
  2454897.92105                  0.02895                              0.00214          1  
  2454897.92191                  0.02188                              0.00208          1  
  2454897.92275                  0.03581                              0.00210          1  
  2454897.92361                  0.02116                              0.00205          1  
  2454897.92444                  0.02662                              0.00210          1  
  2454897.92531                  0.02642                              0.00211          1  
  2454897.92617                  0.02858                              0.00208          1  
  2454897.92702                  0.02961                              0.00210          1  
  2454897.92787                  0.02964                              0.00210          1  
  2454897.92872                  0.02001                              0.00213          1  
  2454897.92959                  0.03244                              0.00209          1  
  2454897.93045                  0.02711                              0.00213          1  
  2454897.93137                  0.02600                              0.00210          1  
  2454897.93223                  0.02551                              0.00211          1  
  2454897.93309                  0.03491                              0.00211          1  
  2454897.93396                  0.03432                              0.00211          1  
  2454897.93480                  0.02634                              0.00210          1  
  2454897.93565                  0.03026                              0.00206          1  
  2454897.93649                  0.04001                              0.00211          1  
  2454897.93735                  0.03281                              0.00212          1  
  2454897.93821                  0.03228                              0.00207          1  
  2454897.93906                  0.02532                              0.00207          1  
  2454897.93992                  0.03732                              0.00208          1  
  2454897.94077                  0.03099                              0.00212          1  
  2454897.94163                  0.03063                              0.00208          1  
  2454897.94247                  0.02782                              0.00210          1  
  2454897.94334                  0.02496                              0.00207          1  
  2454897.94420                  0.02311                              0.00208          1  
  2454897.94504                  0.02989                              0.00211          1  
  2454897.94589                  0.03354                              0.00210          1  
  2454897.94672                  0.02878                              0.00211          1  
  2454897.94759                  0.02609                              0.00210          1  
  2454897.94843                  0.03237                              0.00209          1  
  2454897.94929                  0.03391                              0.00207          1  
  2454897.95014                  0.03213                              0.00208          1  
  2454897.95100                  0.03046                              0.00206          1  
  2454897.95184                  0.03017                              0.00211          1  
  2454897.95277                  0.02819                              0.00209          1  
  2454897.95363                  0.03223                              0.00209          1  
  2454897.95446                  0.03278                              0.00206          1  
  2454897.95532                  0.02693                              0.00209          1  
  2454897.95617                  0.02816                              0.00203          1  
  2454897.95703                  0.02693                              0.00207          1  
  2454897.95788                  0.02464                              0.00202          1  
  2454897.95875                  0.02648                              0.00204          1  
  2454897.95956                  0.02632                              0.00203          1  
  2454897.96041                  0.02513                              0.00205          1  
  2454897.96128                  0.02291                              0.00202          1  
  2454897.96214                  0.02410                              0.00200          1  
  2454897.96298                  0.02760                              0.00200          1  
  2454897.96384                  0.02519                              0.00200          1  
  2454897.96470                  0.02195                              0.00202          1  
  2454897.96556                  0.02423                              0.00200          1  
  2454897.96641                  0.02735                              0.00198          1  
  2454897.96728                  0.03144                              0.00196          1  
  2454897.96812                  0.02430                              0.00198          1  
  2454897.96898                  0.02052                              0.00197          1  
  2454897.96985                  0.02805                              0.00198          1  
  2454897.97068                  0.02317                              0.00202          1  
  2454897.97155                  0.02144                              0.00199          1  
  2454897.97240                  0.02175                              0.00197          1  
  2454897.97325                  0.02086                              0.00197          1  
  2454897.97420                  0.02717                              0.00196          1  
  2454897.97504                  0.02054                              0.00198          1  
  2454897.97589                  0.01820                              0.00194          1  
  2454897.97672                  0.02038                              0.00199          1  
  2454897.97757                  0.01582                              0.00202          1  
  2454897.97842                  0.01194                              0.00197          1  
  2454897.97929                  0.01484                              0.00197          1  
  2454897.98014                  0.01204                              0.00192          1  
  2454897.98098                  0.01066                              0.00192          1  
  2454897.98184                  0.00803                              0.00191          1  
  2454897.98271                  0.00147                              0.00192          1  
  2454897.98355                  0.00689                              0.00194          1  
  2454897.98441                  0.01430                              0.00195          1  
  2454897.98526                 -0.00119                              0.00190          1  
  2454897.98613                  0.00331                              0.00190          1  
  2454897.98695                  0.00468                              0.00192          1  
  2454897.98781                 -0.00172                              0.00190          1  
  2454897.98867                 -0.00297                              0.00193          1  
  2454897.98951                  0.00365                              0.00193          1  
  2454897.99040                  0.00269                              0.00192          1  
  2454897.99125                  0.00314                              0.00192          1  
  2454897.99210                  0.00362                              0.00193          1  
  2454897.99295                  0.00217                              0.00195          1  
  2454897.99381                 -0.00306                              0.00191          1  
  2454897.99465                  0.00143                              0.00190          1  
  2454897.99560                  0.00395                              0.00191          1  
  2454897.99646                  0.00040                              0.00189          1  
  2454897.99730                  0.00673                              0.00193          1  
  2454897.99815                  0.00615                              0.00191          1  
  2454897.99901                  0.00138                              0.00189          1  
  2454897.99986                  0.00459                              0.00194          1  
  2454898.00072                  0.00491                              0.00196          1  
  2454898.00157                  0.00421                              0.00193          1  
  2454898.00244                 -0.00262                              0.00192          1  
  2454898.00329                 -0.00512                              0.00189          1  
  2454898.00414                  0.00178                              0.00189          1  
  2454898.00497                 -0.00444                              0.00188          1  
  2454898.00583                 -0.00046                              0.00188          1  
  2454898.00670                 -0.00079                              0.00189          1  
  2454898.00752                 -0.00219                              0.00190          1  
  2454898.00837                 -0.00362                              0.00189          1  
  2454898.00920                  0.00221                              0.00192          1  
  2454898.01004                  0.00446                              0.00188          1  
  2454898.01091                  0.00065                              0.00186          1  
  2454898.01176                 -0.00394                              0.00187          1  
  2454898.01263                  0.00318                              0.00187          1  
  2454898.01347                  0.00131                              0.00189          1  
  2454898.01432                 -0.00013                              0.00188          1  
  2454898.01519                 -0.00431                              0.00185          1  
  2454898.01605                 -0.00234                              0.00189          1  
  2454898.01700                 -0.00237                              0.00188          1  
  2454898.01786                 -0.00059                              0.00186          1  
  2454898.01870                 -0.00074                              0.00186          1  
  2454898.01956                 -0.00689                              0.00186          1  
  2454898.02041                 -0.00435                              0.00190          1  
  2454898.02127                  0.00128                              0.00189          1  
  2454898.02210                  0.00472                              0.00188          1  
  2454898.02297                  0.00156                              0.00190          1  
  2454898.02383                  0.00004                              0.00189          1  
  2454898.02470                 -0.00531                              0.00190          1  
  2454898.02553                  0.00023                              0.00188          1  
  2454898.02636                 -0.00290                              0.00187          1  
  2454898.02722                 -0.00057                              0.00188          1  
  2454898.02808                  0.00019                              0.00189          1  
  2454898.02892                 -0.00298                              0.00191          1  
  2454898.02979                 -0.00221                              0.00193          1  
  2454898.03062                 -0.00120                              0.00192          1  
  2454898.03150                  0.00560                              0.00194          1  