               BJD  Normalized_Flux  Accepted 
  2454438.326586          1.018568          1  
  2454438.326839          1.006845          1  
  2454438.327046          0.993464          1  
  2454438.327307          1.001505          1  
  2454438.327556          1.004317          1  
  2454438.327827          0.990119          1  
  2454438.328093          1.008134          1  
  2454438.328359          0.990678          1  
  2454438.328624          0.991361          1  
  2454438.328891          1.003081          1  
  2454438.329155          0.995747          1  
  2454438.329421          0.990874          1  
  2454438.329686          1.008556          1  
  2454438.329952          0.987210          1  
  2454438.330221          1.003941          1  
  2454438.330489          1.000323          1  
  2454438.330757          0.999693          1  
  2454438.331025          0.992131          1  
  2454438.331293          0.996764          1  
  2454438.331564          1.002072          1  
  2454438.331831          0.987952          1  
  2454438.332095          1.006795          1  
  2454438.332358          0.995083          1  
  2454438.332630          0.988544          1  
  2454438.332895          1.000486          1  
  2454438.333165          1.004612          1  
  2454438.333436          1.001776          1  
  2454438.333698          0.994867          1  
  2454438.333965          0.994659          1  
  2454438.334235          1.004509          1  
  2454438.334498          0.980955          1  
  2454438.334772          1.000286          1  
  2454438.335047          1.005329          1  
  2454438.335328          1.012385          1  
  2454438.335611          1.003222          1  
  2454438.335889          0.982579          1  
  2454438.336155          1.012925          1  
  2454438.336426          0.990598          1  
  2454438.336650          1.001998          1  
  2454438.336926          1.008085          1  
  2454438.337202          1.010491          1  
  2454438.337467          1.001915          1  
  2454438.337732          1.005912          1  
  2454438.337994          0.983380          1  
  2454438.338259          1.003021          1  
  2454438.338489          0.999704          1  
  2454438.338691          1.001925          1  
  2454438.338891          0.992468          1  
  2454438.339092          0.986598          1  
  2454438.339293          0.984266          1  
  2454438.339494          1.004955          1  
  2454438.339695          1.003662          1  
  2454438.339896          1.003782          1  
  2454438.340097          0.993298          1  
  2454438.340298          1.004423          1  
  2454438.340499          1.002551          1  
  2454438.340701          0.994785          1  
  2454438.340901          0.992616          1  
  2454438.341102          0.983155          1  
  2454438.341303          1.005307          1  
  2454438.341504          0.998464          1  
  2454438.341705          0.989527          1  
  2454438.341905          1.000293          1  
  2454438.342107          0.998658          1  
  2454438.342307          1.023356          1  
  2454438.342508          1.002258          1  
  2454438.342709          0.985298          1  
  2454438.342909          1.011583          1  
  2454438.343109          1.001039          1  
  2454438.343309          0.992679          1  
  2454438.343510          0.993741          1  
  2454438.343711          0.974882          1  
  2454438.343911          0.974637          1  
  2454438.344112          1.003752          1  
  2454438.344314          1.005682          1  
  2454438.344515          1.004751          1  
  2454438.344716          0.991939          1  
  2454438.344918          1.005831          1  
  2454438.345118          0.995034          1  
  2454438.345328          1.017508          1  
  2454438.345533          1.002640          1  
  2454438.345735          1.019891          1  
  2454438.345935          1.006386          1  
  2454438.346138          1.006639          1  
  2454438.346338          1.006557          1  
  2454438.346539          1.019950          1  
  2454438.346740          0.999534          1  
  2454438.346941          1.001346          1  
  2454438.347141          1.010091          1  
  2454438.347343          0.999479          1  
  2454438.347543          0.999514          1  
  2454438.347745          1.015623          1  
  2454438.347946          0.973474          1  
  2454438.348187          1.007175          1  
  2454438.348450          0.999915          1  
  2454438.348712          1.008470          1  
  2454438.348978          0.985392          1  
  2454438.349244          0.997605          1  
  2454438.349509          0.989609          1  
  2454438.349775          0.995170          1  
  2454438.350046          0.998234          1  
  2454438.350309          0.988392          1  
  2454438.350579          1.011521          1  
  2454438.350843          1.011924          1  
  2454438.351109          0.996736          1  
  2454438.351375          0.990303          1  
  2454438.351638          1.022533          1  
  2454438.351906          0.993772          1  
  2454438.352168          1.004604          1  
  2454438.352424          0.995793          1  
  2454438.352690          1.000352          1  
  2454438.352950          1.011612          1  
  2454438.353212          1.008188          1  
  2454438.353478          0.995018          1  
  2454438.353746          0.997701          1  
  2454438.354013          0.981194          1  
  2454438.354281          1.007028          1  
  2454438.354545          1.004155          1  
  2454438.354806          0.995115          1  
  2454438.355070          0.993007          1  
  2454438.355335          0.986264          1  
  2454438.355630          0.991565          1  
  2454438.355896          0.995684          1  
  2454438.356157          1.013459          1  
  2454438.356423          0.999067          1  
  2454438.356689          0.995366          1  
  2454438.356954          1.006143          1  
  2454438.357221          1.001919          1  
  2454438.357488          1.007770          1  
  2454438.357753          0.995113          1  
  2454438.358017          1.001395          1  
  2454438.358282          0.997787          1  
  2454438.358550          0.999416          1  
  2454438.358817          0.998062          1  
  2454438.359084          0.999321          1  
  2454438.359344          1.013202          1  
  2454438.359608          1.005520          1  
  2454438.359873          0.992981          1  
  2454438.360141          0.995212          1  
  2454438.360401          0.994050          1  
  2454438.360670          1.011931          1  
  2454438.360937          1.003963          1  
  2454438.361205          0.999065          1  
  2454438.361469          0.996658          1  
  2454438.361733          1.012322          1  
  2454438.361997          0.994256          1  
  2454438.362265          1.006010          1  
  2454438.362531          1.002248          1  
  2454438.362732          1.008216          1  
  2454438.362932          0.994354          1  
  2454438.363133          1.003034          1  
  2454438.363333          1.000586          1  
  2454438.363535          1.008106          1  
  2454438.363736          1.005230          1  
  2454438.363937          0.991306          1  
  2454438.364137          0.999422          1  
  2454438.364339          0.993040          1  
  2454438.364539          1.011461          1  
  2454438.364740          1.009000          1  
  2454438.364941          0.998729          1  
  2454438.365141          1.001364          1  
  2454438.365342          1.002927          1  
  2454438.365543          0.999535          1  
  2454438.365744          1.004486          1  
  2454438.365946          1.007996          1  
  2454438.366147          0.977930          1  
  2454438.366347          1.000285          1  
  2454438.366614          1.005131          1  
  2454438.366853          1.007566          1  
  2454438.367055          1.002722          1  
  2454438.367257          1.013729          1  
  2454438.367458          0.986000          1  
  2454438.367662          1.001229          1  
  2454438.367865          0.995413          1  
  2454438.368067          1.016105          1  
  2454438.368271          0.997042          1  
  2454438.368473          0.991178          1  
  2454438.368677          0.995115          1  
  2454438.368880          1.001799          1  
  2454438.369082          0.987992          1  
  2454438.369285          1.004292          1  
  2454438.369488          0.999778          1  
  2454438.369689          1.000239          1  
  2454438.369892          0.990657          1  
  2454438.370095          1.008045          1  
  2454438.370299          1.006153          1  
  2454438.370501          1.015465          1  
  2454438.370705          1.006237          1  
  2454438.370908          0.997007          1  
  2454438.371111          1.004338          1  
  2454438.371314          0.990031          1  
  2454438.371516          1.001289          1  
  2454438.371719          1.004536          1  
  2454438.371922          1.003761          1  
  2454438.372124          0.991120          1  
  2454438.372328          1.003087          1  
  2454438.372531          1.000326          1  
  2454438.372733          0.989693          1  
  2454438.373002          0.998784          1  
  2454438.373263          1.017632          1  
  2454438.373533          0.991033          1  
  2454438.373799          1.015380          1  
  2454438.374066          0.985205          1  
  2454438.374336          0.975005          1  
  2454438.374601          0.989916          1  
  2454438.374865          1.005714          1  
  2454438.375136          0.993403          1  
  2454438.375403          0.991431          1  
  2454438.375671          1.007758          1  
  2454438.375938          0.995779          1  
  2454438.376207          1.007954          1  
  2454438.376470          0.999469          1  
  2454438.376737          0.994147          1  
  2454438.377001          0.982335          1  
  2454438.377266          0.997205          1  
  2454438.377534          0.995187          1  
  2454438.377807          0.999785          1  
  2454438.378074          0.999073          1  
  2454438.378338          1.012791          1  
  2454438.378606          0.998806          1  
  2454438.378874          0.997659          1  
  2454438.379145          1.008170          1  
  2454438.379414          0.987216          1  
  2454438.379684          1.005243          1  
  2454438.379947          1.002653          1  
  2454438.380215          0.990838          1  
  2454438.380482          1.012576          1  
  2454438.380750          1.004954          1  
  2454438.381020          0.980048          1  
  2454438.381289          0.976196          1  
  2454438.381555          1.010638          1  
  2454438.381826          1.016146          1  
  2454438.382093          1.017205          1  
  2454438.382361          0.985042          1  
  2454438.382626          1.001398          1  
  2454438.382894          1.012906          1  
  2454438.383166          0.992902          1  
  2454438.383430          1.009237          1  
  2454438.383697          1.012965          1  
  2454438.383967          0.986800          1  
  2454438.384233          1.023467          1  
  2454438.384503          0.980057          1  
  2454438.384769          1.002340          1  
  2454438.385038          1.013908          1  
  2454438.385307          1.009358          1  
  2454438.385576          0.996616          1  
  2454438.385846          0.995863          1  
  2454438.386117          1.003505          1  
  2454438.386383          0.994650          1  
  2454438.386655          1.003873          1  
  2454438.386924          0.991784          1  
  2454438.387194          1.000098          1  
  2454438.387470          0.998235          1  
  2454438.387738          1.004416          1  
  2454438.388008          0.999266          1  
  2454438.388277          1.006062          1  
  2454438.388539          1.005975          1  
  2454438.388804          0.997124          1  
  2454438.389072          1.014372          1  
  2454438.389340          1.003250          1  
  2454438.389612          1.003461          1  
  2454438.389881          1.018733          1  
  2454438.390145          1.007514          1  
  2454438.390415          1.001896          1  
  2454438.390686          0.998270          1  
  2454438.390951          1.000885          1  
  2454438.391215          0.996791          1  
  2454438.391485          0.988389          1  
  2454438.391751          1.009506          1  
  2454438.392018          1.001073          1  
  2454438.392287          1.006913          1  
  2454438.392554          0.993436          1  
  2454438.392821          0.999391          1  
  2454438.393091          1.007431          1  
  2454438.393361          1.006386          1  
  2454438.393628          1.003269          1  
  2454438.393895          0.995508          1  
  2454438.394164          0.993292          1  
  2454438.394431          1.017411          1  
  2454438.394695          0.993044          1  
  2454438.394964          1.000642          1  
  2454438.395231          1.002173          1  
  2454438.395500          0.997049          1  
  2454438.395768          1.017405          1  
  2454438.396034          0.991545          1  
  2454438.396303          0.990770          1  
  2454438.396572          1.006614          1  
  2454438.396841          1.006338          1  
  2454438.397108          1.010514          1  
  2454438.397377          0.999694          1  
  2454438.397643          0.990492          1  
  2454438.397921          0.992229          1  
  2454438.398185          0.984097          1  
  2454438.398458          0.997953          1  
  2454438.398726          0.999635          1  
  2454438.398998          1.004115          1  
  2454438.399266          1.008255          1  
  2454438.399538          1.013761          1  
  2454438.399807          0.999481          1  
  2454438.400077          1.005156          1  
  2454438.400341          1.003278          1  
  2454438.400611          0.998016          1  
  2454438.400877          0.998375          1  
  2454438.401146          1.011312          1  
  2454438.401420          1.000723          1  
  2454438.401690          0.999498          1  
  2454438.401958          0.979754          1  
  2454438.402223          0.995246          1  
  2454438.402485          0.993917          1  
  2454438.402761          1.007623          1  
  2454438.403031          0.990181          1  
  2454438.403300          1.004438          1  
  2454438.403566          1.003013          1  
  2454438.403834          0.996806          1  
  2454438.404100          0.990152          1  
  2454438.404369          0.999413          1  
  2454438.404637          0.995631          1  
  2454438.404907          0.987766          1  
  2454438.405174          1.002731          1  
  2454438.405446          0.997115          1  
  2454438.405710          0.997508          1  
  2454438.405982          0.997551          1  
  2454438.406252          0.997190          1  
  2454438.406520          0.993974          1  
  2454438.406785          1.000889          1  
  2454438.407055          1.006532          1  
  2454438.407322          1.008616          1  
  2454438.407590          1.013211          1  
  2454438.407855          0.997198          1  
  2454438.408122          1.002406          1  
  2454438.408391          1.001146          1  
  2454438.408661          1.006114          1  
  2454438.408930          1.001769          1  
  2454438.409196          0.997862          1  
  2454438.409463          0.998963          1  
  2454438.409732          1.011430          1  
  2454438.409998          1.000648          1  
  2454438.410266          1.012587          1  
  2454438.410538          1.001004          1  
  2454438.410807          1.001026          1  
  2454438.411073          1.012531          1  
  2454438.411344          0.992433          1  
  2454438.411612          1.004243          1  
  2454438.411879          1.013795          1  
  2454438.412144          1.011646          1  
  2454438.412413          0.997846          1  
  2454438.412686          0.997301          1  
  2454438.412950          1.003431          1  
  2454438.413214          1.004118          1  
  2454438.413481          0.987300          1  
  2454438.413752          1.004119          1  
  2454438.414022          1.008133          1  
  2454438.414290          1.008417          1  
  2454438.414560          0.995476          1  
  2454438.414812          1.008906          1  
  2454438.415076          1.011519          1  
  2454438.415347          0.996206          1  
  2454438.415619          0.990394          1  
  2454438.415877          1.019499          1  
  2454438.416152          1.003020          1  
  2454438.416420          0.999978          1  
  2454438.416685          1.018774          1  
  2454438.416955          0.999267          1  
  2454438.417221          1.007836          1  
  2454438.417489          1.011753          1  
  2454438.417756          1.003201          1  
  2454438.418024          1.020176          1  
  2454438.418293          1.018890          1  
  2454438.418559          1.008510          1  
  2454438.418830          0.987536          1  
  2454438.419098          1.016204          1  
  2454438.419365          0.996512          1  
  2454438.419634          1.016040          1  
  2454438.419909          1.010538          1  
  2454438.420174          1.010536          1  
  2454438.420444          0.993428          1  
  2454438.420712          0.998586          1  
  2454438.420980          1.020623          1  
  2454438.421248          1.002553          1  
  2454438.421515          0.998859          1  
  2454438.421778          1.002423          1  
  2454438.422046          1.001761          1  
  2454438.422313          1.019157          1  
  2454438.422581          0.995761          1  
  2454438.422851          1.007495          1  
  2454438.423115          0.993117          1  
  2454438.423383          1.003777          1  
  2454438.423655          1.003814          1  
  2454438.423927          0.977816          1  
  2454438.424197          1.013685          1  
  2454438.424464          0.994022          1  
  2454438.424731          1.014379          1  
  2454438.424998          1.014112          1  
  2454438.425269          1.000734          1  
  2454438.425540          0.996133          1  
  2454438.425808          1.005256          1  
  2454438.426072          1.004553          1  
  2454438.426339          1.012849          1  
  2454438.426606          0.996382          1  
  2454438.426871          1.002803          1  
  2454438.427142          1.002875          1  
  2454438.427410          0.988029          1  
  2454438.427681          1.006493          1  
  2454438.427948          1.016784          1  
  2454438.428215          1.008519          1  
  2454438.428480          1.012730          1  
  2454438.428746          1.006320          1  
  2454438.429012          1.013661          1  
  2454438.429285          0.999995          1  
  2454438.429587          0.994875          1  
  2454438.429853          0.991490          1  
  2454438.430121          0.978872          1  
  2454438.430391          0.991149          1  
  2454438.430657          1.003464          1  
  2454438.430927          1.001151          1  
  2454438.431198          1.014784          1  
  2454438.431465          0.992822          1  
  2454438.431737          0.997554          1  
  2454438.431999          1.004094          1  
  2454438.432265          1.001121          1  
  2454438.432534          0.997298          1  
  2454438.432802          0.989375          1  
  2454438.433070          1.006929          1  
  2454438.433346          0.989515          1  
  2454438.433613          0.998076          1  
  2454438.433877          1.000102          1  
  2454438.434141          1.009447          1  
  2454438.434404          1.001389          1  
  2454438.434671          1.005664          1  
  2454438.434942          1.000323          1  
  2454438.435209          0.999688          1  
  2454438.435475          0.989467          1  
  2454438.435745          0.993488          1  
  2454438.436011          1.003693          1  
  2454438.436274          0.987374          1  
  2454438.436546          0.996022          1  
  2454438.436814          1.000283          1  
  2454438.437081          0.989051          1  
  2454438.437354          0.993190          1  
  2454438.437632          0.985137          1  
  2454438.437903          1.001684          1  
  2454438.438173          0.998521          1  
  2454438.438444          0.985305          1  
  2454438.438713          0.996147          1  
  2454438.438980          0.988168          1  
  2454438.439246          0.996976          1  
  2454438.439516          1.008570          1  
  2454438.439784          0.991267          1  
  2454438.440050          0.993191          1  
  2454438.440317          0.987153          1  
  2454438.440582          0.980789          1  
  2454438.440845          1.002483          1  
  2454438.441108          0.997518          1  
  2454438.441372          0.993589          1  
  2454438.441641          1.000291          1  
  2454438.441903          0.990519          1  
  2454438.442169          0.997984          1  
  2454438.442442          1.005308          1  
  2454438.442710          1.003045          1  
  2454438.442979          0.998652          1  
  2454438.443248          1.001898          1  
  2454438.443517          0.991480          1  
  2454438.443784          1.001044          1  
  2454438.444050          1.003473          1  
  2454438.444319          1.011795          1  
  2454438.444590          1.004335          1  
  2454438.444859          1.000178          1  
  2454438.445126          1.003634          1  
  2454438.445394          0.993098          1  
  2454438.445661          1.006277          1  
  2454438.445928          0.986425          1  
  2454438.446196          0.999345          1  
  2454438.446462          0.997264          1  
  2454438.446733          1.007686          1  
  2454438.446999          0.994873          1  
  2454438.447262          1.005980          1  
  2454438.447531          0.986643          1  
  2454438.447798          1.005278          1  
  2454438.448066          0.999256          1  
  2454438.448334          0.994225          1  
  2454438.448598          0.986838          1  
  2454438.448867          1.013416          1  
  2454438.449131          0.995971          1  
  2454438.449402          1.003886          1  
  2454438.449669          0.999549          1  
  2454438.449941          0.983115          1  
  2454438.450210          1.002499          1  
  2454438.450480          0.992450          1  
  2454438.450746          0.993406          1  
  2454438.451012          0.992297          1  
  2454438.451285          1.001597          1  
  2454438.451553          1.009140          1  
  2454438.451819          1.006019          1  
  2454438.452090          0.986654          1  
  2454438.452356          1.001843          1  
  2454438.452624          1.001968          1  
  2454438.452889          0.994787          1  
  2454438.453152          1.020716          1  
  2454438.453419          0.991199          1  
  2454438.453689          1.001821          1  
  2454438.453957          1.000388          1  
  2454438.454224          0.999523          1  
  2454438.454494          0.986243          1  
  2454438.454761          0.985883          1  
  2454438.455030          0.979216          1  
  2454438.455306          0.990093          1  
  2454438.455571          1.004871          1  
  2454438.455841          0.984914          1  
  2454438.456105          1.003878          1  
  2454438.456375          0.999932          1  
  2454438.456641          0.990046          1  
  2454438.456909          0.994572          1  
  2454438.457184          0.988061          1  
  2454438.457452          0.997053          1  
  2454438.457719          0.988683          1  
  2454438.457981          0.993337          1  
  2454438.458247          0.991235          1  
  2454438.458516          0.991449          1  
  2454438.458786          1.005710          1  
  2454438.459052          0.999175          1  
  2454438.459324          1.001727          1  
  2454438.459587          1.004521          1  
  2454438.459858          0.993700          1  
  2454438.460128          1.003737          1  
  2454438.460393          1.003191          1  
  2454438.460661          1.001684          1  
  2454438.460935          0.995284          1  
  2454438.461216          0.992628          1  
  2454438.461480          0.992257          1  
  2454438.461749          0.992511          1  
  2454438.462014          0.994301          1  
  2454438.462280          0.986510          1  
  2454438.462549          0.988597          1  
  2454438.462817          0.994471          1  
  2454438.463092          1.005841          1  
  2454438.463355          0.990628          1  
  2454438.463630          1.000056          1  
  2454438.463904          1.005955          1  
  2454438.464175          1.005272          1  
  2454438.464442          0.998628          1  
  2454438.464706          0.996891          1  
  2454438.464971          0.999139          1  
  2454438.465234          1.002839          1  
  2454438.465501          0.989992          1  
  2454438.465770          0.989255          1  
  2454438.466033          0.996725          1  
  2454438.466302          1.001485          1  
  2454438.466574          0.999107          1  
  2454438.466842          0.993308          1  
  2454438.467104          0.987087          1  
  2454438.467372          0.999335          1  
  2454438.467644          1.001291          1  
  2454438.467910          0.994751          1  
  2454438.468181          0.993203          1  
  2454438.468447          0.992139          1  
  2454438.468716          0.982919          1  
  2454438.468983          0.991030          1  
  2454438.469251          0.987717          1  
  2454438.469519          1.004482          1  
  2454438.469789          0.996753          1  
  2454438.470059          0.990367          1  
  2454438.470322          1.000706          1  
  2454438.470587          0.992847          1  
  2454438.470855          0.993045          1  
  2454438.471124          0.993487          1  
  2454438.471403          1.000817          1  
  2454438.471694          0.987183          1  
  2454438.471959          0.996571          1  
  2454438.472225          0.991010          1  
  2454438.472496          0.990910          1  
  2454438.472758          0.999346          1  
  2454438.473028          0.993856          1  
  2454438.473297          0.990096          1  
  2454438.473563          0.997300          1  
  2454438.473832          0.983451          1  
  2454438.474108          0.990401          1  
  2454438.474378          1.002557          1  
  2454438.474643          1.002329          1  
  2454438.474907          0.992339          1  
  2454438.475174          0.996805          1  
  2454438.475447          0.994283          1  
  2454438.475711          0.999688          1  
  2454438.475981          0.995280          1  
  2454438.476252          1.006573          1  
  2454438.476517          0.991071          1  
  2454438.476780          0.994620          1  
  2454438.477047          0.986790          1  
  2454438.477316          0.996113          1  
  2454438.477583          1.001104          1  
  2454438.477849          0.987365          1  
  2454438.478116          1.003152          1  
  2454438.478383          0.998942          1  
  2454438.478652          0.997559          1  
  2454438.478915          0.992521          1  
  2454438.479180          1.007795          1  
  2454438.479448          0.983289          1  
  2454438.479716          1.000067          1  
  2454438.479977          1.000132          1  
  2454438.480246          0.998887          1  
  2454438.480510          0.993979          1  
  2454438.480775          0.998724          1  
  2454438.481042          0.989843          1  
  2454438.481309          0.996871          1  
  2454438.481573          0.989976          1  
  2454438.481837          0.985051          1  
  2454438.482103          0.988628          1  
  2454438.482365          1.002004          1  
  2454438.482632          0.989020          1  
  2454438.482898          0.989219          1  
  2454438.483166          0.990731          1  
  2454438.483428          0.982265          1  
  2454438.483694          0.983010          1  
  2454438.483960          0.995542          1  
  2454438.484225          0.991170          1  
  2454438.484492          0.988955          1  
  2454438.484760          0.998648          1  
  2454438.485026          0.997185          1  
  2454438.485294          0.992300          1  
  2454438.485564          0.986709          1  
  2454438.485833          0.996400          1  
  2454438.486095          0.985756          1  
  2454438.486357          0.976296          1  
  2454438.486618          0.979936          1  
  2454438.486887          0.984846          1  
  2454438.487152          0.996756          1  
  2454438.487417          0.995993          1  
  2454438.487683          0.991056          1  
  2454438.487945          0.987221          1  
  2454438.488214          0.995415          1  
  2454438.488479          0.991922          1  
  2454438.488748          0.990559          1  
  2454438.489014          0.996848          1  
  2454438.489283          0.985213          1  
  2454438.489547          0.992931          1  
  2454438.489817          0.980590          1  
  2454438.490084          0.993600          1  
  2454438.490355          0.985488          1  
  2454438.490624          0.997240          1  
  2454438.490823          0.981320          1  
  2454438.491026          0.985647          1  
  2454438.491226          0.992340          1  
  2454438.491429          0.999818          1  
  2454438.491628          0.984739          1  
  2454438.491830          0.994759          1  
  2454438.492034          1.000785          1  
  2454438.492233          0.991429          1  
  2454438.492436          0.991503          1  
  2454438.492638          0.997233          1  
  2454438.492839          0.994900          1  
  2454438.493042          1.004905          1  
  2454438.493244          0.998050          1  
  2454438.493513          0.987373          1  
  2454438.493778          0.994804          1  
  2454438.494046          1.003242          1  
  2454438.494314          0.992251          1  
  2454438.494579          0.980271          1  
  2454438.494844          0.983042          1  
  2454438.495108          0.998452          1  
  2454438.495375          1.000689          1  
  2454438.495638          1.003649          1  
  2454438.495905          0.991970          1  
  2454438.496169          0.987544          1  
  2454438.496434          0.991424          1  
  2454438.496701          0.981332          1  
  2454438.496968          0.986988          1  
  2454438.497237          0.997762          1  
  2454438.497507          0.982920          1  
  2454438.497775          0.985078          1  
  2454438.498036          0.996970          1  
  2454438.498304          0.992061          1  
  2454438.498565          0.986260          1  
  2454438.498833          0.990024          1  
  2454438.499099          0.998106          1  
  2454438.499366          0.993044          1  
  2454438.499638          0.994108          1  
  2454438.499903          0.991285          1  
  2454438.500163          0.982949          1  
  2454438.500430          0.980971          1  
  2454438.500693          0.992903          1  
  2454438.500962          0.987421          1  
  2454438.501230          0.993142          1  
  2454438.501449          0.998010          1  
  2454438.501720          1.000254          1  
  2454438.501989          0.988198          1  
  2454438.502259          1.002212          1  
  2454438.502524          0.998598          1  
  2454438.502796          0.984376          1  
  2454438.503063          0.994400          1  
  2454438.503331          0.983099          1  
  2454438.503594          0.991715          1  
  2454438.503866          0.991071          1  
  2454438.504124          0.989653          1  
  2454438.504390          0.993636          1  
  2454438.504658          0.987327          1  
  2454438.504925          0.989076          1  
  2454438.505195          0.995322          1  
  2454438.505462          1.000371          1  
  2454438.505732          0.989702          1  
  2454438.505998          0.993817          1  
  2454438.506269          1.000349          1  
  2454438.506539          0.996732          1  
  2454438.506806          0.998226          1  
  2454438.507075          0.994841          1  
  2454438.507343          1.000187          1  
  2454438.507612          0.988276          1  
  2454438.507880          0.994863          1  
  2454438.508145          0.999906          1  
  2454438.508413          0.990966          1  
  2454438.508680          1.000292          1  
  2454438.508946          0.987578          1  
  2454438.509210          0.986524          1  
  2454438.509473          0.985893          1  
  2454438.509737          0.995564          1  
  2454438.510004          0.990981          1  
  2454438.510270          1.001358          1  
  2454438.510535          0.996056          1  
  2454438.510798          0.996479          1  
  2454438.511065          0.989566          1  
  2454438.511325          1.009617          1  
  2454438.511591          0.987886          1  
  2454438.511855          0.991850          1  
  2454438.512113          0.989111          1  
  2454438.512383          0.999265          1  
  2454438.512649          0.999949          1  
  2454438.512915          1.002416          1  
  2454438.513180          0.995848          1  
  2454438.513463          0.997512          1  
  2454438.513746          0.997716          1  
  2454438.514015          1.008035          1  
  2454438.514287          0.998583          1  
  2454438.514557          0.996055          1  
  2454438.514823          0.989245          1  
  2454438.515088          1.006212          1  
  2454438.515356          0.993103          1  
  2454438.515626          0.998608          1  
  2454438.515890          0.997196          1  
  2454438.516155          0.979653          1  
  2454438.516428          0.997089          1  
  2454438.516696          0.998771          1  
  2454438.516961          0.988396          1  
  2454438.517227          0.994583          1  
  2454438.517497          0.996230          1  
  2454438.517766          0.994776          1  
  2454438.518031          0.998901          1  
  2454438.518294          0.995172          1  
  2454438.518566          1.001022          1  
  2454438.518872          0.997167          1  
  2454438.519141          1.002512          1  
  2454438.519405          0.997697          1  
  2454438.519669          0.988714          1  
  2454438.519936          0.990333          1  
  2454438.520203          0.998273          1  
  2454438.520470          0.998061          1  
  2454438.520735          0.992381          1  
  2454438.521002          0.989327          1  
  2454438.521273          0.997500          1  
  2454438.521542          1.007715          1  
  2454438.521807          0.992043          1  
  2454438.522075          0.992436          1  
  2454438.522343          0.991673          1  
  2454438.522613          0.976675          1  
  2454438.522878          0.990900          1  
  2454438.523146          0.996414          1  
  2454438.523409          0.983941          1  
  2454438.523675          0.992535          1  
  2454438.523940          0.974483          1  
  2454438.524207          1.000348          1  
  2454438.524470          0.981174          1  
  2454438.524739          0.995085          1  
  2454438.525008          0.997805          1  
  2454438.525267          0.996438          1  
  2454438.525533          0.995519          1  
  2454438.525800          1.014178          1  
  2454438.526065          0.994875          1  
  2454438.526329          0.974613          1  
  2454438.526595          0.988067          1  
  2454438.526860          0.996847          1  
  2454438.527125          1.006388          1  
  2454438.527391          1.002795          1  
  2454438.527662          1.007986          1  
  2454438.527925          1.000531          1  
  2454438.528190          1.011629          1  
  2454438.528462          1.001537          1  
  2454438.528730          0.979012          1  
  2454438.528996          0.992063          1  
  2454438.529258          1.009061          1  
  2454438.529522          0.993514          1  
  2454438.529789          1.000658          1  
  2454438.530057          0.992095          1  
  2454438.530323          1.003149          1  
  2454438.530587          1.005736          1  
  2454438.530859          0.980025          1  
  2454438.531127          0.996365          1  
  2454438.531396          1.001906          1  
  2454438.531660          1.002313          1  
  2454438.531927          0.991826          1  
  2454438.532197          1.012769          1  
  2454438.532462          0.995448          1  
  2454438.532731          0.998742          1  
  2454438.532998          1.002004          1  
  2454438.533272          1.011595          1  
  2454438.533541          1.005880          1  
  2454438.533818          0.999948          1  
  2454438.534079          1.001409          1  
  2454438.534348          0.995903          1  
  2454438.534611          0.997780          1  
  2454438.534878          1.015569          1  
  2454438.535140          0.997637          1  
  2454438.535403          1.010276          1  
  2454438.535668          0.986597          1  
  2454438.535936          0.992695          1  
  2454438.536209          0.999471          1  
  2454438.536472          0.988541          1  
  2454438.536737          1.005060          1  
  2454438.537004          0.987247          1  
  2454438.537269          0.996189          1  
  2454438.537538          1.011307          1  
  2454438.537804          1.008406          1  
  2454438.538082          0.992634          1  
  2454438.538349          1.006343          1  
  2454438.538617          0.998425          1  
  2454438.538876          0.992355          1  
  2454438.539148          0.993119          1  
  2454438.539415          0.999209          1  
  2454438.539683          1.001869          1  
  2454438.539949          1.002853          1  
  2454438.540222          1.001391          1  
  2454438.540490          1.001604          1  
  2454438.540756          0.974989          1  
  2454438.541021          0.992370          1  
  2454438.541284          0.994022          1  
  2454438.541553          1.004681          1  
  2454438.541819          0.984668          1  
  2454438.542083          1.001119          1  
  2454438.542351          1.018533          1  
  2454438.542614          0.996834          1  
  2454438.542884          0.981578          1  
  2454438.543152          0.972461          1  
  2454438.543418          0.986148          1  
  2454438.543686          1.005812          1  
  2454438.543954          0.998119          1  
  2454438.544219          0.989911          1  
  2454438.544483          1.005642          1  
  2454438.544747          0.989958          1  
  2454438.545013          1.009305          1  
  2454438.545279          0.995167          1  
  2454438.545549          0.995542          1  
  2454438.545814          1.008631          1  
  2454438.546081          1.000254          1  
  2454438.546351          1.012030          1  
  2454438.546619          1.004274          1  
  2454438.546887          0.987151          1  
  2454438.547156          1.000807          1  
  2454438.547419          1.012143          1  
  2454438.547682          0.995423          1  
  2454438.547951          1.012783          1  
  2454438.548215          0.996755          1  
  2454438.548478          0.998977          1  
  2454438.548746          0.998783          1  
  2454438.549014          0.992905          1  
  2454438.549278          1.002734          1  
  2454438.549547          1.014408          1  
  2454438.549816          1.010399          1  
  2454438.550082          0.994474          1  
  2454438.550348          1.002752          1  
  2454438.550615          1.004746          1  
  2454438.550881          0.994823          1  
  2454438.551151          1.007049          1  
  2454438.551419          1.008803          1  
  2454438.551684          0.996992          1  
  2454438.551952          0.991105          1  
  2454438.552220          0.996327          1  
  2454438.552488          1.013567          1  
  2454438.552753          1.010972          1  
  2454438.553017          1.000118          1  
  2454438.553284          1.007735          1  
  2454438.553556          1.012918          1  
  2454438.553819          1.002793          1  
  2454438.554083          1.000672          1  
  2454438.554348          1.009720          1  
  2454438.554615          1.000917          1  
  2454438.554884          0.991815          1  
  2454438.555150          0.995959          1  
  2454438.555427          1.012507          1  
  2454438.555708          1.001515          1  
  2454438.555981          1.012398          1  
  2454438.556244          0.990925          1  
  2454438.556513          1.000454          1  
  2454438.556783          0.998579          1  
  2454438.557049          0.992292          1  
  2454438.557310          0.995440          1  
  2454438.557578          1.001760          1  
  2454438.557846          1.011182          1  
  2454438.558117          1.003554          1  
  2454438.558389          1.002650          1  
  2454438.558658          0.996170          1  
  2454438.558930          0.999769          1  
  2454438.559193          1.001096          1  
  2454438.559462          0.998582          1  
  2454438.559733          0.998831          1  
  2454438.559998          0.997867          1  
  2454438.560268          0.998223          1  
  2454438.560535          1.004773          1  
  2454438.560800          1.005867          1  
  2454438.561066          1.001737          1  
  2454438.561334          1.005774          1  
  2454438.561594          0.993439          1  
  2454438.561864          0.996720          1  
  2454438.562134          1.005942          1  
  2454438.562434          1.003952          1  
  2454438.562705          1.006894          1  
  2454438.562968          1.007682          1  
  2454438.563236          1.006666          1  
  2454438.563508          1.004352          1  
  2454438.563776          1.000262          1  
  2454438.564042          0.996684          1  
  2454438.564307          1.004581          1  
  2454438.564576          1.001292          1  
  2454438.564844          1.002673          1  
  2454438.565113          1.003165          1  
  2454438.565378          0.996449          1  
  2454438.565649          1.004169          1  
  2454438.565920          0.994315          1  
  2454438.566185          0.996323          1  
  2454438.566447          1.004001          1  
  2454438.566719          1.005828          1  
  2454438.566988          0.998478          1  
  2454438.567257          1.000309          1  
  2454438.567523          0.998172          1  
  2454438.567791          0.992877          1  
  2454438.568058          0.983373          1  
  2454438.568327          0.997757          1  
  2454438.568596          0.994802          1  
  2454438.568866          0.995480          1  
  2454438.569133          1.003369          1  
  2454438.569401          1.001589          1  
  2454438.569667          1.003238          1  
  2454438.569934          0.980086          1  
  2454438.570202          1.002459          1  
  2454438.570471          0.996349          1  
  2454438.570739          1.003792          1  
  2454438.571009          1.011478          1  
  2454438.571276          0.999280          1  
  2454438.571546          0.990834          1  
  2454438.571813          0.997383          1  
  2454438.572080          1.004083          1  
  2454438.572346          1.000720          1  
  2454438.572614          1.015171          1  
  2454438.572880          1.014833          1  
  2454438.573151          0.997155          1  
  2454438.573420          0.995875          1  
  2454438.573682          0.998647          1  
  2454438.573951          0.994565          1  
  2454438.574216          1.011184          1  
  2454438.574485          0.996426          1  
  2454438.574754          0.996741          1  
  2454438.575020          0.996831          1  
  2454438.575285          0.998216          1  
  2454438.575553          0.993527          1  
  2454438.575820          0.995093          1  
  2454438.576086          1.007501          1  
  2454438.576352          1.004338          1  
  2454438.576617          0.998868          1  
  2454438.576887          1.008890          1  
  2454438.577151          1.002798          1  
  2454438.577421          1.008102          1  
  2454438.577690          1.000921          1  
  2454438.577953          0.992166          1  
  2454438.578220          1.011080          1  
  2454438.578489          0.994615          1  
  2454438.578754          1.008617          1  
  2454438.579021          1.017782          1  
  2454438.579287          1.003828          1  
  2454438.579555          1.004405          1  
  2454438.579829          0.999550          1  
  2454438.580097          1.004809          1  
  2454438.580357          1.005825          1  
  2454438.580626          0.998443          1  
  2454438.580897          1.007773          1  
  2454438.581164          0.995068          1  
  2454438.581431          0.999050          1  
  2454438.581704          1.001878          1  
  2454438.581971          1.006516          1  
  2454438.582238          1.003261          1  
  2454438.582507          1.001176          1  
  2454438.582773          0.997916          1  
  2454438.583047          1.012421          1  
  2454438.583315          0.993572          1  
  2454438.583584          0.997682          1  
  2454438.583851          0.991435          1  
  2454438.584123          0.998884          1  
  2454438.584396          1.006182          1  
  2454438.584664          0.994652          1  
  2454438.584933          0.996061          1  
  2454438.585199          0.996354          1  
  2454438.585470          1.001847          1  
  2454438.585738          1.006626          1  
  2454438.586006          0.998665          1  
  2454438.586280          0.992958          1  
  2454438.586541          1.013757          1  
  2454438.586813          0.998017          1  
  2454438.587078          1.011238          1  
  2454438.587343          1.003540          1  
  2454438.587608          0.998353          1  
  2454438.587877          1.001944          1  
  2454438.588142          0.996303          1  
  2454438.588409          0.995506          1  
  2454438.588677          0.993454          1  
  2454438.588947          1.003599          1  
  2454438.589207          0.997290          1  
  2454438.589481          0.994487          1  
  2454438.589744          1.004222          1  
  2454438.590013          1.004118          1  
  2454438.590279          1.001141          1  
  2454438.590549          0.993801          1  
  2454438.590822          1.000181          1  
  2454438.591089          1.006980          1  
  2454438.591361          0.997821          1  
  2454438.591632          1.017949          1  
  2454438.591903          1.002939          1  
  2454438.592172          1.003005          1  
  2454438.592445          0.994322          1  
  2454438.592712          0.988282          1  
  2454438.592979          1.005437          1  
  2454438.593246          1.009787          1  
  2454438.593513          0.990686          1  
  2454438.593786          1.001286          1  
  2454438.594053          0.983274          1  
  2454438.594337          0.992308          1  
  2454438.594602          0.995555          1  
  2454438.594871          0.996634          1  
  2454438.595138          1.014358          1  
  2454438.595403          0.997584          1  
  2454438.595671          0.996310          1  
  2454438.595941          1.002773          1  
  2454438.596211          0.993863          1  
  2454438.596477          0.998716          1  
  2454438.596742          1.005409          1  
  2454438.597009          1.008415          1  
  2454438.597278          1.011060          1  
  2454438.597574          1.011982          1  
  2454438.597839          1.025350          1  
  2454438.598104          0.987805          1  
  2454438.598370          0.996703          1  
  2454438.598636          0.991814          1  
  2454438.598904          0.996031          1  
  2454438.599172          0.990271          1  
  2454438.599439          0.997489          1  
  2454438.599700          1.001817          1  
  2454438.599971          0.998421          1  
  2454438.600234          1.006886          1  
  2454438.600504          0.994693          1  
  2454438.600767          0.986735          1  
  2454438.601033          1.007728          1  
  2454438.601299          0.996826          1  
  2454438.601565          1.002283          1  
  2454438.601839          1.004240          1  
  2454438.602103          0.997280          1  
  2454438.602368          0.992783          1  
  2454438.602636          0.988723          1  
  2454438.602908          1.000203          1  
  2454438.603170          1.003041          1  
  2454438.603434          0.992990          1  
  2454438.603705          1.005197          1  
  2454438.603977          1.002875          1  
  2454438.604243          0.992186          1  
  2454438.604510          0.995792          1  
  2454438.604776          0.990100          1  
  2454438.605047          0.999570          1  
  2454438.605314          0.997913          1  
  2454438.605580          1.011430          1  
  2454438.605847          0.996414          1  
  2454438.606115          1.001088          1  
  2454438.606383          1.007543          1  
  2454438.606655          1.006605          1  
  2454438.606922          1.005124          1  
  2454438.607189          1.017370          1  
  2454438.607459          0.997115          1  
  2454438.607743          0.991798          1  
  2454438.608003          1.009846          1  
  2454438.608271          0.993390          1  
  2454438.608538          1.002433          1  
  2454438.608804          0.980402          1  
  2454438.609072          1.010362          1  
  2454438.609342          1.009507          1  
  2454438.609611          0.996193          1  
  2454438.609878          1.006102          1  
  2454438.610143          0.995426          1  
  2454438.610412          0.987169          1  
  2454438.610680          0.998678          1  
  2454438.610947          1.012346          1  
  2454438.611213          1.027358          1  
  2454438.611483          0.967420          1  
  2454438.611750          1.010549          1  
  2454438.612020          0.990799          1  
  2454438.612290          0.986425          1  
  2454438.612558          1.010773          1  
  2454438.612827          1.008820          1  
  2454438.613100          0.984762          1  
  2454438.613370          0.978110          1  
  2454438.613634          0.995991          1  
  2454438.613900          0.996294          1  
  2454438.614170          0.987308          1  
  2454438.614436          1.001342          1  
  2454438.614705          0.980017          1  
  2454438.614967          1.004030          1  
  2454438.615234          0.986414          1  
  2454438.615501          0.988914          1  
  2454438.615768          0.998708          1  
  2454438.616038          1.007084          1  
  2454438.616306          0.984784          1  
  2454438.616574          1.011846          1  
  2454438.616841          0.999356          1  
  2454438.617109          1.021374          1  
  2454438.617376          0.990203          1  
  2454438.617644          1.014985          1  
  2454438.617918          0.988484          1  
  2454438.618188          0.985345          1  
  2454438.618454          0.985189          1  
  2454438.618719          0.988525          1  
  2454438.618988          0.998839          1  
  2454438.619255          1.015540          1  
  2454438.619524          0.986345          1  
  2454438.619792          1.005823          1  
  2454438.620064          1.000922          1  
  2454438.620330          0.998571          1  
  2454438.620597          1.005840          1  
  2454438.620864          0.982599          1  
  2454438.621135          0.992858          1  
  2454438.621405          0.993125          1  
  2454438.621676          0.996410          1  
  2454438.621939          0.993302          1  
  2454438.622205          0.999294          1  
  2454438.622476          1.005573          1  
  2454438.622743          0.991520          1  
  2454438.623014          1.005140          1  
  2454438.623280          1.006347          1  
  2454438.623550          1.007878          1  
  2454438.623819          0.994723          1  
  2454438.624089          1.010358          1  
  2454438.624354          0.986224          1  
  2454438.624619          1.003255          1  
  2454438.624887          1.003363          1  
  2454438.625155          1.002461          1  
  2454438.625424          1.003869          1  
  2454438.625694          1.014138          1  
  2454438.625955          1.000724          1  
  2454438.626223          0.994474          1  
  2454438.626490          1.002456          1  
  2454438.626753          0.989729          1  
  2454438.627021          0.989640          1  
  2454438.627290          1.001504          1  
  2454438.627557          0.991866          1  
  2454438.627821          1.002504          1  
  2454438.628085          0.992423          1  
  2454438.628351          0.999765          1  
  2454438.628619          0.999683          1  
  2454438.628884          1.001423          1  
  2454438.629150          0.998946          1  
  2454438.629420          0.987294          1  
  2454438.629685          1.000780          1  
  2454438.629955          0.996604          1  
  2454438.630223          1.002584          1  
  2454438.630488          0.986882          1  
  2454438.630756          0.978248          1  
  2454438.631019          1.010490          1  
  2454438.631282          1.004449          1  
  2454438.631547          0.990935          1  
  2454438.631819          0.990818          1  
  2454438.632082          1.000920          1  
  2454438.632347          0.989800          1  
  2454438.632612          1.001390          1  
  2454438.632879          1.002603          1  
  2454438.633146          1.005321          1  
  2454438.633415          0.992396          1  
  2454438.633684          1.006803          1  
  2454438.633956          0.993298          1  
  2454438.634220          0.992377          1  
  2454438.634493          0.988331          1  
  2454438.634756          1.004798          1  
  2454438.635031          0.991407          1  
  2454438.635301          0.998208          1  
  2454438.635567          1.003785          1  
  2454438.635831          0.997688          1  
  2454438.636101          0.986708          1  
  2454438.636369          1.011361          1  
  2454438.636639          1.002787          1  
  2454438.636907          0.991764          1  
  2454438.637175          0.998629          1  
  2454438.637444          1.013918          1  
  2454438.637747          1.004802          1  
  2454438.638015          0.987809          1  
  2454438.638285          1.002489          1  
  2454438.638551          0.992258          1  
  2454438.638818          1.008157          1  
  2454438.639084          0.993796          1  
  2454438.639384          1.001636          1  
  2454438.639666          1.004299          1  
  2454438.639933          0.991748          1  
  2454438.640200          1.001223          1  
  2454438.640469          1.000946          1  
  2454438.640735          0.999433          1  
  2454438.641002          0.992254          1  
  2454438.641276          0.999528          1  
  2454438.641540          1.004146          1  
  2454438.641804          1.006966          1  
  2454438.642067          1.001041          1  
  2454438.642335          0.996226          1  
  2454438.642605          0.998548          1  
  2454438.642873          1.009808          1  
  2454438.643142          1.009828          1  
  2454438.643405          0.999802          1  
  2454438.643673          0.996460          1  
  2454438.643944          0.990191          1  
  2454438.644213          1.002118          1  
  2454438.644481          0.993332          1  
  2454438.644752          1.007641          1  
  2454438.645018          0.999461          1  
  2454438.645285          1.005592          1  
  2454438.645552          1.001948          1  
  2454438.645820          0.995906          1  
  2454438.646087          0.994972          1  
  2454438.646355          0.999635          1  
  2454438.646623          0.990805          1  
  2454438.646892          0.987655          1  
  2454438.647159          1.005895          1  
  2454438.647427          0.986834          1  
  2454438.647695          0.981107          1  
  2454438.647962          0.994917          1  
  2454438.648233          1.001180          1  
  2454438.648498          1.014044          1  
  2454438.648763          0.995739          1  
  2454438.649033          1.005844          1  
  2454438.649298          0.997699          1  
  2454438.649563          1.010445          1  
  2454438.649832          1.007128          1  
  2454438.650101          0.997772          1  
  2454438.650371          1.001585          1  
  2454438.650640          0.989938          1  
  2454438.650909          1.001621          1  
  2454438.651176          1.007863          1  
  2454438.651444          1.012281          1  
  2454438.651708          1.010946          1  
  2454438.651977          0.999883          1  
  2454438.652244          1.019223          1  
  2454438.652512          1.006842          1  
  2454438.652780          1.004921          1  
  2454438.653051          1.016950          1  
  2454438.653318          1.000662          1  
  2454438.653587          1.001336          1  
  2454438.653855          1.004802          1  
  2454438.654124          1.006100          1  
  2454438.654398          0.998341          1  
  2454438.654667          0.994702          1  
  2454438.654932          1.007146          1  
  2454438.655201          1.007550          1  
  2454438.655469          1.001749          1  
  2454438.655736          0.989627          1  
  2454438.656004          0.988692          1  
  2454438.656273          0.998177          1  
  2454438.656539          0.998093          1  
  2454438.656805          0.989617          1  
  2454438.657072          0.994485          1  
  2454438.657343          0.999635          1  
  2454438.657653          1.003218          1  
  2454438.657922          0.999348          1  
  2454438.658189          1.004751          1  
  2454438.658451          1.004984          1  
  2454438.658718          1.004764          1  
  2454438.658983          1.003364          1  
  2454438.659252          1.000060          1  
  2454438.659520          0.997618          1  
  2454438.659788          1.001892          1  
  2454438.660052          1.002528          1  
  2454438.660321          1.001811          1  
  2454438.660591          0.993179          1  
  2454438.660861          1.007521          1  
  2454438.661124          0.996110          1  
  2454438.661393          1.004420          1  
  2454438.661660          0.994962          1  
  2454438.661926          0.999013          1  
  2454438.662196          0.999329          1  
  2454438.662468          0.992621          1  
  2454438.662738          1.000224          1  
  2454438.663007          1.005722          1  
  2454438.663274          1.000172          1  
  2454438.663545          0.992275          1  
  2454438.663809          0.991713          1  
  2454438.664075          0.999908          1  
  2454438.664345          0.998933          1  
  2454438.664613          0.999404          1  
  2454438.664880          0.990400          1  
  2454438.665151          1.004582          1  
  2454438.665417          1.003939          1  
  2454438.665685          0.999991          1  
  2454438.665953          1.005472          1  
  2454438.666219          0.997729          1  
  2454438.666486          0.997904          1  
  2454438.666758          0.991575          1  
  2454438.667029          1.000474          1  
  2454438.667300          0.999525          1  
  2454438.667568          0.997176          1  
  2454438.667838          0.978338          1  
  2454438.668107          0.995459          1  
  2454438.668375          0.995937          1  
  2454438.668645          0.985640          1  
  2454438.668913          1.002338          1  
  2454438.669183          1.003935          1  
  2454438.669447          0.989964          1  
  2454438.669714          1.007687          1  
  2454438.669983          1.006615          1  
  2454438.670249          1.003342          1  
  2454438.670517          0.983754          1  
  2454438.670782          1.006010          1  
  2454438.671049          0.990535          1  
  2454438.671317          1.000348          1  
  2454438.671585          0.990446          1  
  2454438.671853          1.010525          1  
  2454438.672121          0.998852          1  
  2454438.672389          1.000782          1  
  2454438.672656          0.993286          1  
  2454438.672923          0.981754          1  
  2454438.673190          1.008086          1  
  2454438.673457          1.011482          1  
  2454438.673728          0.992299          1  
  2454438.673992          0.989240          1  
  2454438.674265          0.989277          1  
  2454438.674529          0.997213          1  
  2454438.674795          1.003498          1  
  2454438.675059          1.002229          1  
  2454438.675328          1.011252          1  
  2454438.675601          1.017149          1  
  2454438.675873          0.991702          1  
  2454438.676144          0.986265          1  
  2454438.676409          0.988554          1  
  2454438.676676          1.006962          1  
  2454438.676945          0.997208          1  
  2454438.677212          1.008117          1  
  2454438.677480          0.992511          1  
  2454438.677746          0.999419          1  
  2454438.678017          1.004294          1  
  2454438.678284          0.999156          1  
  2454438.678555          1.013370          1  
  2454438.678824          0.998398          1  
  2454438.679098          1.016902          1  
  2454438.679365          0.986659          1  
  2454438.679631          1.005504          1  
  2454438.679897          0.999634          1  
  2454438.680159          0.999258          1  
  2454438.680433          1.001552          1  
  2454438.680704          0.977389          1  
  2454438.680971          1.007756          1  
  2454438.681236          0.984372          1  
  2454438.681495          0.999232          1  
  2454438.681724          1.002353          1  
  2454438.681991          0.971087          1  
  2454438.682266          1.009238          1  
  2454438.682533          1.004050          1  
  2454438.682801          0.998143          1  
  2454438.683069          0.978716          1  
  2454438.683337          1.004172          1  
  2454438.683604          0.999306          1  
  2454438.683866          0.994918          1  
  2454438.684135          1.005671          1  
  2454438.684408          0.995349          1  
  2454438.684674          1.013019          1  
  2454438.684939          1.013809          1  
  2454438.685210          1.002276          1  
  2454438.685478          0.992427          1  
  2454438.685751          0.991443          1  
  2454438.686018          0.996653          1  
  2454438.686286          0.984214          1  
  2454438.686556          0.995904          1  
  2454438.686827          1.011050          1  
  2454438.687098          0.982310          1  
  2454438.687365          0.987215          1  
  2454438.687632          1.006488          1  
  2454438.687902          0.993312          1  
  2454438.688171          1.007091          1  
  2454438.688439          1.000485          1  
  2454438.688706          0.997487          1  
  2454438.688972          0.974213          1  
  2454438.689241          1.000172          1  
  2454438.689503          0.994613          1  
  2454438.689773          0.998444          1  
  2454438.690035          1.022956          1  
  2454438.690298          1.010711          1  
  2454438.690568          0.983217          1  
  2454438.690830          0.996713          1  
  2454438.691101          0.991564          1  
  2454438.691371          0.993421          1  
  2454438.691639          1.013744          1  
  2454438.691901          1.025512          1  
  2454438.692167          0.990958          1  
  2454438.692442          0.965155          1  
  2454438.692708          0.990289          1  
  2454438.692973          0.983707          1  
  2454438.693243          0.967507          1  
  2454438.693511          1.007305          1  
  2454438.693777          0.974946          1  
  2454438.694048          0.999045          1  
  2454438.694316          0.981426          1  
  2454438.694585          1.013883          1  
  2454438.694851          0.981963          1  
  2454438.695122          1.016648          1  
  2454438.695391          1.024274          1  
  2454438.695659          1.005805          1  
  2454438.695921          1.000529          1  
  2454438.696189          0.995035          1  
  2454438.696459          0.998202          1  
  2454438.696723          0.997430          1  
  2454438.696990          1.003677          1  
  2454438.697256          0.990929          1  
  2454438.697524          1.002587          1  
  2454438.697788          1.015469          1  
  2454438.698057          0.993059          1  
  2454438.698325          1.012872          1  
  2454438.698593          1.006164          1  
  2454438.698863          1.012473          1  
  2454438.699131          0.987450          1  
  2454438.699397          0.998915          1  
  2454438.699669          1.007180          1  
  2454438.699947          0.991318          1  
  2454438.700209          1.004796          1  
  2454438.700477          0.987312          1  
  2454438.700744          0.976650          1  
  2454438.701012          0.985777          1  
  2454438.701279          1.023123          1  
  2454438.701548          0.987204          1  
  2454438.701815          0.995655          1  
  2454438.702084          0.996184          1  
  2454438.702355          0.999081          1  
  2454438.702628          1.003826          1  
  2454438.702897          1.013379          1  
  2454438.703161          0.994761          1  
  2454438.703426          1.011980          1  
  2454438.703694          0.984017          1  
  2454438.703963          1.006263          1  
  2454438.704236          1.017486          1  
  2454438.704502          1.013548          1  
  2454438.704772          0.998760          1  
  2454438.705035          0.977906          1  
  2454438.705307          1.008924          1  
  2454438.705569          0.966854          1  
  2454438.705834          1.004064          1  
  2454438.706101          0.991360          1  
  2454438.706368          0.974459          1  
  2454438.706636          1.017217          1  
  2454438.706901          1.002989          1  
  2454438.707168          0.990825          1  
  2454438.707436          0.985668          1  
  2454438.707703          1.008033          1  
  2454438.707967          1.007318          1  
  2454438.708238          0.980722          1  
  2454438.708503          1.014966          1  
  2454438.708771          0.990963          1  
  2454438.709040          0.993085          1  
  2454438.709308          0.996574          1  
  2454438.709575          1.004183          1  
  2454438.709838          1.005581          1  
  2454438.710106          0.982513          1  
  2454438.710379          0.999689          1  
  2454438.710647          0.984004          1  
  2454438.710917          0.998607          1  
  2454438.711185          1.004230          1  
  2454438.711452          0.984428          1  
  2454438.711719          0.986412          1  
  2454438.711987          1.011196          1  
  2454438.712251          1.004733          1  
  2454438.712518          0.988654          1  
  2454438.712788          1.023789          1  
  2454438.713052          1.002349          1  
  2454438.713322          1.003584          1  
  2454438.713589          1.000716          1  
  2454438.713857          1.009088          1  
  2454438.714127          0.972119          1  
  2454438.714396          0.998927          1  
  2454438.714661          1.002156          1  
  2454438.714929          0.985978          1  
  2454438.715196          0.998100          1  
  2454438.715467          0.991982          1  
  2454438.715731          1.021281          1  
  2454438.716003          1.007570          1  
  2454438.716267          1.018077          1  
  2454438.716538          1.001610          1  
  2454438.716804          0.987720          1  
  2454438.717071          1.047716          1  
  2454438.717340          1.007564          1  
  2454438.717607          1.009712          1  
  2454438.717872          1.031676          1  
  2454438.718138          0.993479          1  
  2454438.718405          0.997522          1  
  2454438.718672          0.988687          1  
  2454438.718945          0.985842          1  
  2454438.719214          1.007724          1  
  2454438.719483          1.017503          1  
  2454438.719752          1.006426          1  
  2454438.720015          1.009561          1  
  2454438.720286          0.999072          1  
  2454438.720550          1.028780          1  
  2454438.720819          1.020256          1  
  2454438.721087          1.029157          1  
  2454438.721357          0.989049          1  
  2454438.721628          0.995245          1  
  2454438.721896          1.000925          1  
  2454438.722167          0.988250          1  
  2454438.722433          0.998796          1  
  2454438.722700          0.994936          1  
  2454438.722908          1.019557          1  
  2454438.723181          0.995210          1  
  2454438.723451          0.996145          1  
  2454438.723730          1.009531          1  
  2454438.723998          1.003976          1  
  2454438.724269          1.038205          1  
  2454438.724534          1.006291          1  
  2454438.724802          1.009438          1  
  2454438.725074          0.976805          1  
  2454438.725341          0.997017          1  
  2454438.725608          0.979680          1  
  2454438.725876          1.023885          1  
  2454438.726147          1.020435          1  
  2454438.726415          0.995913          1  
  2454438.726686          0.983354          1  
  2454438.726955          0.977913          1  
  2454438.727222          1.007186          1  
  2454438.727492          0.995580          1  
  2454438.727758          1.006428          1  
  2454438.728025          1.005607          1  
  2454438.728295          0.990135          1  
  2454438.728565          0.996210          1  
  2454438.728833          1.001925          1  
  2454438.729101          1.010389          1  
  2454438.729366          0.998528          1  
  2454438.729632          0.995563          1  
  2454438.729904          0.996572          1  
  2454438.730171          0.988526          1  
  2454438.730437          1.034644          1  
  2454438.730711          1.010435          1  
  2454438.730977          1.001682          1  
  2454438.731247          1.005313          1  
  2454438.731512          0.993828          1  
  2454438.731781          1.010022          1  
  2454438.732064          0.987277          1  
  2454438.732325          0.999361          1  
  2454438.732588          1.007521          1  
  2454438.732854          1.000596          1  
  2454438.733120          1.004467          1  
  2454438.733390          0.995391          1  
  2454438.733653          0.983638          1  
  2454438.733921          1.005875          1  
  2454438.734191          0.994770          1  
  2454438.734455          0.991268          1  
  2454438.734720          0.995405          1  
  2454438.734993          1.003691          1  
  2454438.735262          1.003481          1  
  2454438.735526          0.990728          1  
  2454438.735791          1.004410          1  
  2454438.736062          1.009552          1  
  2454438.736326          0.984418          1  
  2454438.736594          1.015972          1  
  2454438.736859          1.012971          1  
  2454438.737126          1.006691          1  
  2454438.737397          0.995631          1  
  2454438.737670          1.010547          1  
  2454438.737941          1.006487          1  
  2454438.738209          1.003987          1  
  2454438.738474          1.001498          1  
  2454438.738745          0.982645          1  
  2454438.739010          1.017834          1  
  2454438.739277          1.010266          1  
  2454438.739545          1.021915          1  
  2454438.739810          1.017119          1  
  2454438.740076          0.998491          1  
  2454438.740344          0.982367          1  
  2454438.740614          1.011817          1  
  2454438.740887          0.998145          1  
  2454438.741153          1.023151          1  
  2454438.741419          1.003265          1  
  2454438.741691          0.992710          1  
  2454438.741961          1.028132          1  
  2454438.742226          1.013386          1  
  2454438.742499          0.968736          1  
  2454438.742770          0.978157          1  
  2454438.743039          1.008467          1  
  2454438.743307          1.010628          1  
  2454438.743573          0.995775          1  
  2454438.743839          0.973739          1  
  2454438.744106          0.999063          1  
  2454438.744376          0.998237          1  
  2454438.744642          0.990096          1  
  2454438.744914          1.017890          1  
  2454438.745180          0.989579          1  
  2454438.745448          1.015990          1  
  2454438.745718          1.014563          1  
  2454438.745984          0.999410          1  
  2454438.746254          1.017745          1  
  2454438.746518          1.008161          1  
  2454438.746785          0.981593          1  
  2454438.747056          1.005169          1  
  2454438.747326          1.043027          1  
  2454438.747600          0.993553          1  
  2454438.747869          1.011109          1  
  2454438.748133          1.000749          1  
  2454438.748401          0.971098          1  
  2454438.748669          0.994286          1  
  2454438.748973          1.001244          1  
  2454438.749238          0.989528          1  
  2454438.749508          1.008272          1  
  2454438.749776          1.004491          1  
  2454438.750043          1.017404          1  
  2454438.750302          0.990285          1  
  2454438.750567          1.001734          1  
  2454438.750837          0.988436          1  
  2454438.751100          1.015987          1  
  2454438.751372          0.992648          1  
  2454438.751642          0.992855          1  
  2454438.751911          0.992061          1  
  2454438.752180          1.005711          1  
  2454438.752448          0.967238          1  
  2454438.752714          1.007796          1  
  2454438.752982          1.019807          1  
  2454438.753246          0.989123          1  
  2454438.753514          0.993358          1  
  2454438.753784          0.996276          1  
  2454438.754052          0.980525          1  
  2454438.754320          1.013997          1  
  2454438.754590          0.997592          1  
  2454438.754853          0.993630          1  
  2454438.755119          1.012000          1  
  2454438.755390          0.988102          1  
  2454438.755657          0.989718          1  
  2454438.755927          1.026240          1  
  2454438.756194          1.014297          1  
  2454438.756458          1.008555          1  
  2454438.756729          0.992409          1  
  2454438.756993          1.006423          1  
  2454438.757264          0.987075          1  
  2454438.757528          1.023751          1  
  2454438.757797          1.003379          1  
  2454438.758064          0.985393          1  
  2454438.758328          0.990700          1  
  2454438.758601          0.986667          1  
  2454438.758872          0.997061          1  
  2454438.759142          0.993655          1  
  2454438.759415          1.006837          1  
  2454438.759683          1.005235          1  
  2454438.759953          0.979648          1  
  2454438.760216          1.024561          1  
  2454438.760487          1.022399          1  
  2454438.760755          1.021953          1  
  2454438.761021          0.992112          1  
  2454438.761293          0.995940          1  
  2454438.761564          1.018367          1  
  2454438.761831          1.007605          1  
  2454438.762102          1.042316          1  
  2454438.762371          1.009522          1  
  2454438.762639          1.002613          1  
  2454438.762907          1.001038          1  
  2454438.763178          0.996588          1  
  2454438.763454          1.037857          1  
  2454438.763720          0.988642          1  
  2454438.763988          1.004785          1  
  2454438.764253          1.029018          1  
  2454438.764527          1.017612          1  
  2454438.764793          0.989845          1  
  2454438.765061          0.991764          1  
  2454438.765340          0.998357          1  
  2454438.765629          0.991806          1  
  2454438.765894          1.010282          1  
  2454438.766166          0.979183          1  
  2454438.766430          0.988705          1  
  2454438.766697          1.020048          1  
  2454438.766967          0.994551          1  
  2454438.767231          1.017720          1  
  2454438.767496          0.988429          1  
  2454438.767762          1.008125          1  
  2454438.768027          1.019596          1  
  2454438.768295          1.006209          1  
  2454438.768562          1.015184          1  
  2454438.768830          1.010359          1  
  2454438.769096          0.996574          1  
  2454438.769363          1.008690          1  
  2454438.769630          0.997200          1  
  2454438.769900          1.014465          1  
  2454438.770164          0.998319          1  
  2454438.770432          1.018956          1  
  2454438.770701          0.985423          1  
  2454438.770970          0.994166          1  
  2454438.771238          1.019871          1  
  2454438.771505          1.005795          1  
  2454438.771774          0.985363          1  
  2454438.772040          1.006415          1  
  2454438.772306          0.992857          1  
  2454438.772575          1.033521          1  
  2454438.772847          1.012774          1  
  2454438.773112          1.009661          1  
  2454438.773380          0.985148          1  
  2454438.773644          1.000995          1  
  2454438.773911          0.996599          1  
  2454438.774171          1.018230          1  
  2454438.774438          1.027848          1  
  2454438.774705          0.982407          1  
  2454438.774974          1.006523          1  
  2454438.775238          1.033448          1  
  2454438.775503          1.016192          1  
  2454438.775771          0.988513          1  
  2454438.776041          1.026397          1  
  2454438.776310          0.985406          1  
  2454438.776579          0.997646          1  
  2454438.776848          0.995192          1  
  2454438.777114          0.999762          1  
  2454438.777379          1.002524          1  
  2454438.777646          0.966809          1  
  2454438.777913          1.002820          1  
  2454438.778182          1.004509          1  
  2454438.778454          1.003236          1  
  2454438.778720          0.968724          1  
  2454438.778985          1.014526          1  
  2454438.779254          1.003714          1  
  2454438.779521          0.985917          1  
  2454438.779794          1.028677          1  
  2454438.780059          0.979711          1  
  2454438.780328          1.012319          1  
  2454438.780594          1.005004          1  
  2454438.780862          0.995725          1  
  2454438.781129          1.032029          1  
  2454438.781396          1.003346          1  
  2454438.781662          1.005514          1  
  2454438.781932          0.982469          1  
  2454438.782200          1.028463          1  
  2454438.782461          1.015368          1  
  2454438.782730          1.019280          1  
  2454438.783000          0.996588          1  
  2454438.783270          0.958896          1  
  2454438.783537          1.023304          1  
  2454438.783807          0.986675          1  
  2454438.784071          0.983866          1  
  2454438.784340          0.998821          1  
  2454438.784610          0.969091          1  
  2454438.784878          0.980118          1  
  2454438.785151          0.956131          1  
  2454438.785422          1.025901          1  
  2454438.785686          0.999792          1  
  2454438.785951          1.005157          1  
  2454438.786216          1.012987          1  
  2454438.786482          1.030423          1  
  2454438.786750          0.996357          1  
  2454438.787017          1.008129          1  
  2454438.787285          1.018940          1  
  2454438.787557          0.986714          1  
  2454438.787824          1.006189          1  
  2454438.788097          1.060403          1  
  2454438.788362          0.993845          1  
  2454438.788629          1.001515          1  
  2454438.788894          1.014987          1  
  2454438.789162          0.993245          1  
  2454438.789441          1.012965          1  
  2454438.789702          1.021542          1  
  2454438.789964          0.987514          1  
  2454438.790230          1.011274          1  
  2454438.790493          1.002390          1  
  2454438.790757          0.996407          1  
  2454438.790967          0.987522          1  
  2454438.791232          0.987949          1  
  2454438.791497          0.995542          1  
  2454438.791779          0.985501          1  
  2454438.792050          1.007071          1  
  2454438.792316          0.992934          1  
  2454438.792581          1.018216          1  
  2454438.792845          0.984250          1  
  2454438.793114          1.021141          1  
  2454438.793382          0.952230          1  
  2454438.793647          0.989713          1  
  2454438.793914          0.959712          1  
  2454438.794183          0.989736          1  
  2454438.794450          0.974021          1  
  2454438.794716          0.999581          1  
  2454438.794988          0.997332          1  
  2454438.795251          0.986914          1  
  2454438.795520          0.997334          1  
  2454438.795788          0.994838          1  
  2454438.796046          0.980079          1  
  2454438.796314          1.003247          1  
  2454438.796582          0.971296          1  
  2454438.796849          0.997333          1  
  2454438.797115          0.986842          1  
  2454438.797382          0.991715          1  
  2454438.797645          0.980479          1  
  2454438.797914          0.998073          1  
  2454438.798184          0.988450          1  
  2454438.798454          1.004297          1  
  2454438.798763          0.964858          1  
  2454438.799034          0.990280          1  
  2454438.799300          0.984355          1  
  2454438.799563          0.988771          1  
  2454438.799832          1.016687          1  
  2454438.800356          1.003948          1  
  2454438.800622          1.057624          1  
  2454438.800903          1.011187          1  
  2454438.801110          0.983959          1  
  2454438.801375          0.957014          1  
  2454438.801640          0.991988          1  
  2454438.801910          0.957292          1  
  2454438.802175          0.977606          1  
  2454438.802456          1.041485          1  
  2454438.802726          0.999094          1  
  2454438.803014          0.963688          1  
  2454438.803302          0.988919          1  
  2454438.803580          1.006207          1  
  2454438.803844          0.981498          1  
  2454438.804114          0.965684          1  
  2454438.804374          0.963555          1  
  2454438.804637          1.058593          1  
  2454438.804908          1.045615          1  